

1 86.9158878505
2 88.0062305296
3 88.6292834891
4 88.785046729
5 88.785046729
6 88.940809968867
7 88.940809968867
8 88.940809968867
9 88.6292834891
10 88.785046728967
11 88.785046728967
12 88.940809968867
13 88.6292834891
14 88.940809968833
15 88.785046728933
16 88.785046728933
17 88.4735202492
18 88.4735202492
19 88.6292834891
20 88.6292834891
21 88.785046729
22 88.785046729
23 88.785046729
24 88.6292834891
25 88.6292834891
26 88.4735202492
27 88.6292834891
28 88.6292834891
29 88.785046729
30 88.785046729


1 92.0560747664
2 91.7445482866
3 91.5887850467
4 91.7445482866
5 92.056074766367
6 92.523364486
7 92.679127725867
8 92.834890965733
9 92.834890965733
10 92.9906542056
11 92.9906542056
12 92.9906542056
13 93.146417445467
14 93.146417445467
15 92.9906542056
16 92.9906542056
17 93.146417445467
18 93.302180685333
19 93.146417445467
20 92.679127725867
21 92.523364486
22 92.523364486
23 92.834890965733
24 93.146417445467
25 93.146417445467
26 93.302180685333
27 93.457943925233
28 93.457943925233
29 93.457943925233
30 93.4579439252


1 87.3831775701
2 88.0062305296
3 88.6292834891
4 89.2523364486
5 89.719626168233
6 89.8753894081
7 89.8753894081
8 89.7196261682
9 89.7196261682
10 89.8753894081
11 90.031152648
12 90.1869158879
13 90.031152648
14 90.031152648
15 90.031152648
16 90.1869158879
17 90.1869158879
18 90.1869158879
19 90.1869158879
20 90.031152648
21 90.031152648
22 89.8753894081
23 90.031152648
24 90.031152648
25 90.1869158879
26 90.1869158879
27 90.1869158879
28 90.031152648
29 90.031152648
30 90.1869158879


1 89.2773892774
2 88.8888888889
3 89.1996891997
4 89.898989899
5 89.9766899767
6 89.9766899767
7 90.2097902098
8 90.1320901321
9 90.0543900544
10 89.9766899767
11 89.898989899
12 89.9766899767
13 90.0543900544
14 90.2097902098
15 90.0543900544
16 90.2097902098
17 90.2097902098
18 90.2874902875
19 90.1320901321
20 90.1320901321
21 90.2874902875
22 90.2097902098
23 90.2097902098
24 90.0543900544
25 89.9766899767
26 89.9766899767
27 89.9766899767
28 89.9766899767
29 89.8212898213
30 89.7435897436


1 88.5780885781
2 89.7435897436
3 89.8212898213
4 89.9766899767
5 89.9766899767
6 90.675990676
7 90.9867909868
8 90.9867909868
9 90.8313908314
10 90.5205905206
11 90.4428904429
12 90.4428904429
13 90.675990676
14 90.675990676
15 90.7536907537
16 90.675990676
17 90.7536907537
18 90.7536907537
19 90.7536907537
20 90.5982905983
21 90.5982905983
22 90.4428904429
23 90.4428904429
24 90.4428904429
25 90.675990676
26 90.8313908314
27 90.9090909091
28 90.9090909091
29 90.8313908314
30 90.675990676


1 88.8111888112
2 89.898989899
3 90.3651903652
4 89.9766899767
5 90.3651903652
6 90.4428904429
7 90.3651903652
8 90.3651903652
9 90.4428904429
10 90.7536907537
11 90.8313908314
12 90.9867909868
13 90.9867909868
14 90.7536907537
15 90.5205905206
16 90.5205905206
17 90.7536907537
18 90.7536907537
19 90.5982905983
20 90.5982905983
21 90.5205905206
22 90.675990676
23 90.5982905983
24 90.9090909091
25 90.9867909868
26 91.1421911422
27 90.9867909868
28 90.9090909091
29 90.8313908314
30 90.9090909091


1 89.0442890443
2 89.5104895105
3 89.898989899
4 90.2097902098
5 90.5982905983
6 90.8313908314
7 90.9867909868
8 91.1421911422
9 91.2198912199
10 91.2198912199
11 91.1421911422
12 91.1421911422
13 91.0644910645
14 91.1421911422
15 91.1421911422
16 91.2198912199
17 91.2198912199
18 91.2198912199
19 91.0644910645
20 90.9090909091
21 90.8313908314
22 90.9867909868
23 90.9867909868
24 90.9090909091
25 90.9090909091
26 90.9867909868
27 91.1421911422
28 91.2198912199
29 91.2198912199
30 91.1421911422


1 89.9766899767
2 90.4428904429
3 90.9867909868
4 91.3752913753
5 91.5306915307
6 91.5306915307
7 91.5306915307
8 91.6083916084
9 91.5306915307
10 91.452991453
11 91.2975912976
12 91.3752913753
13 91.3752913753
14 91.452991453
15 91.3752913753
16 91.452991453
17 91.452991453
18 91.3752913753
19 91.3752913753
20 91.452991453
21 91.5306915307
22 91.452991453
23 91.3752913753
24 91.2975912976
25 91.3752913753
26 91.3752913753
27 91.452991453
28 91.3752913753
29 91.2975912976
30 91.1421911422
