SENSEVAL2
_____________________________________________________________
HARD
BLSTM without POS TAGS
Hidden Size = 300
batchSize = 20
learning rate = 0.01
learningRateDecay = 10e-4
5 Fold Cross Validation

Validation:
1 89.1375291375
2 89.7435897436
3 90.2097902098
4 90.2097902098
5 90.4428904429
6 90.8158508159
7 90.8158508159
8 90.8158508159
9 90.9090909091
10 90.7226107226
11 90.7226107226
12 90.7226107226
13 90.9090909091
14 90.8624708625
15 90.7692307692
16 90.675990676
17 91.0023310023
18 90.9557109557
19 90.675990676
20 90.7226107226
21 90.8158508159
22 90.7226107226
23 90.7226107226
24 90.7226107226
25 90.7226107226
26 90.9090909091
27 90.9557109557
28 90.8158508159
29 90.8624708625
30 90.7226107226

Test:
1 88.8837209302
2 89.0232558139
3 90.0
4 89.6279069767
5 89.7674418605
6 89.8604651163
7 89.9534883721
8 90.2790697674
9 90.4186046512
10 90.2790697674
11 90.4186046512
12 90.2790697674
13 90.2325581395
14 90.511627907
15 90.2325581395
16 90.2790697675
17 90.6511627907
18 90.4651162791
19 90.4651162791
20 90.4186046512
21 90.511627907
22 90.4651162791
23 90.6046511628
24 90.5581395349
25 90.4651162791
26 90.2790697674
27 90.6046511628
28 90.4186046512
29 90.3720930233
30 90.465116279

HARD
BLSTM without POS TAGS
Hidden Size = 300
batchSize = 20
learning rate = 0.01
learningRateDecay = 10e-4
5 Fold Cross Validation

Validation:
1 88.0
2 88.8372093023
3 90.0465116279
4 90.3255813953
5 90.3720930233
6 90.1395348837
7 90.1395348837
8 90.4186046512
9 90.2325581395
10 90.5581395349
11 90.3255813954
12 90.2790697674
13 90.511627907
14 90.0465116279
15 90.5581395349
16 90.6976744186
17 90.6046511628
18 90.7906976744
19 90.5581395349
20 90.511627907
21 90.6046511628
22 90.4651162791
23 90.4651162791
24 90.511627907
25 90.5581395349
26 90.465116279
27 90.511627907
28 90.7441860465
29 90.6976744186
30 90.511627907

Test:
1 87.7209302326
2 88.5581395349
3 89.8139534884
4 90.0930232558
5 90.2790697674
6 90.2790697674
7 90.2790697674
8 90.6511627907
9 90.6046511628
10 90.5581395349
11 90.7441860465
12 90.3720930232
13 90.4186046512
14 90.4651162791
15 90.4651162791
16 90.6046511628
17 90.7441860465
18 90.7906976744
19 90.8837209302
20 90.8837209302
21 90.976744186
22 90.9302325581
23 90.8372093023
24 90.7441860465
25 90.9302325581
26 90.8372093023
27 90.7441860465
28 90.7906976744
29 90.9302325581
30 90.7441860465
