<<<<<<< HEAD
1 88.785046729
2 89.2523364486
3 89.7196261682
4 89.8753894081
5 90.1869158879
6 90.4984423676
7 90.6542056075
8 90.3426791277
9 90.4984423676
10 90.3426791277
11 90.8099688474
12 90.6542056075
13 90.6542056075
14 90.4984423676
15 90.9657320872
16 90.3426791277
17 90.6542056075
18 90.8099688474
19 90.4984423676
20 90.6542056075
21 90.1869158879
22 90.4984423676
23 90.4984423676
24 90.6542056075
25 90.6542056075
26 90.6542056075
27 90.6542056075
28 90.9657320873
29 90.4984423676
30 90.8099688474
=======
10 55.523255814
11 57.2674418605
12 55.523255814
13 55.6686046512
14 55.3779069767
15 54.9418604651
16 54.9418604651
17 55.3779069767
1 39.6802325581
18 55.9593023256
19 55.3779069767
20 55.8139534884
21 54.3604651163
22 54.6511627907
23 55.0872093023
24 54.3604651163
25 55.3779069767
26 56.1046511628
27 54.6511627907
2 46.0755813953
28 55.523255814
29 55.3779069767
30 55.523255814
31 55.9593023256
32 55.2325581395
33 55.3779069767
34 55.2325581395
35 54.6511627907
36 55.523255814
37 54.5058139535
3 50.8720930233
38 54.6511627907
39 54.9418604651
40 55.2325581395
41 55.3779069767
42 55.2325581395
43 55.2325581395
44 54.9418604651
45 54.7965116279
46 54.0697674419
47 54.5058139535
4 54.5058139535
48 54.6511627907
49 54.7965116279
50 54.5058139535
51 54.5058139535
52 55.3779069767
53 54.7965116279
54 54.5058139535
55 54.0697674419
56 54.3604651163
57 54.6511627907
5 54.7965116279
58 54.6511627907
59 54.7965116279
60 55.2325581395
61 55.2325581395
62 55.2325581395
6 55.523255814
7 56.6860465116
8 56.976744186
9 57.2674418605
>>>>>>> parent of d1025b3... Temporary
