

1 30.5785123967
2 38.0165289256


1 34.7107438017
2 34.7107438017


1 24.7933884298
2 42.9752066116


1 33.0578512397
2 33.0578512397


1 30.9917355372
2 35.1239669421


1 26.4462809917
2 34.7107438017


1 29.7520661157
2 30.5785123967


1 26.4462809917
2 33.0578512397


1 21.4876033058
2 33.8842975207


1 32.2314049587
2 33.8842975207


1 23.5537190083
2 33.333333333333
3 36.2258953168
4 38.842975206633
5 41.873278236933
6 47.107438016533
7 49.5867768595
8 49.862258953167
9 53.168044077133
10 53.994490358133
11 55.785123966933
12 54.6831955923
13 55.509641873267
14 56.4738292011
15 56.198347107433
16 56.4738292011
17 54.545454545467
18 53.719008264467
19 52.0661157025
20 52.203856749333
21 52.341597796167
22 53.030303030333
23 54.2699724518
24 55.371900826467
25 54.6831955923
26 54.545454545467
27 55.2341597796
28 56.6115702479
29 56.473829201067
30 55.922865013733
31 56.060606060567
32 56.1983471074
33 56.887052341567
34 56.6115702479
35 56.887052341567
36 56.1983471074
37 56.6115702479
38 56.473829201067
39 56.749311294733
40 56.336088154233
41 56.060606060567
42 55.7851239669
43 55.647382920067
44 55.509641873233
45 55.922865013733
46 55.922865013733
47 55.785123966933
48 55.785123966933
49 55.785123966933
50 56.336088154233
51 55.2341597796
52 55.6473829201
53 54.407713498633
54 55.2341597796
55 54.683195592267
56 55.509641873233
57 54.958677685933
58 54.545454545467
59 54.820936639133
60 55.6473829201
61 56.060606060567
62 56.336088154233
63 56.473829201067
64 56.6115702479
65 56.473829201067
66 56.749311294733
67 57.162534435233
68 57.162534435233
69 56.473829201067
70 56.336088154233
71 56.6115702479
72 57.300275482067
73 57.162534435233
74 56.749311294733
75 56.6115702479
76 56.887052341567
77 57.575757575733
78 57.0247933884
79 56.887052341567
80 56.6115702479
81 57.162534435233
82 56.336088154267
83 56.611570247933
84 56.198347107433
85 57.162534435233
86 56.1983471074
87 56.6115702479
88 56.749311294733
89 57.0247933884
90 57.0247933884
91 57.0247933884
92 57.162534435233
93 56.887052341567
94 56.473829201067
95 56.887052341567
96 57.713498622567
97 58.126721763067
98 57.713498622567
99 57.4380165289
100 58.2644628099


1 32.6446280992
2 39.118457300267
3 43.801652892533
4 46.556473829167
5 49.173553718967
6 53.030303030267
7 52.6170798898
8 53.719008264467
9 54.132231404967
10 58.539944903567
11 59.779614325067
12 60.468319559233
13 61.9834710744
14 61.9834710744
15 62.121212121233
16 62.534435261733
17 62.947658402233
18 62.3966942149
19 61.707988980733
20 60.606060606067
21 61.432506887067
22 61.432506887067
23 61.5702479339
24 62.258953168067
25 63.085399449067
26 63.774104683233
27 63.2231404959
28 62.672176308567
29 61.845730027567
30 62.121212121233
31 62.672176308567
32 63.774104683233
33 63.911845730067
34 64.187327823733
35 64.0495867769
36 64.187327823733
37 64.325068870567
38 64.600550964233
39 64.187327823733
40 63.911845730067
41 63.774104683233
42 64.0495867769
43 63.911845730067
44 62.121212121233
45 62.121212121233
46 62.672176308567
47 64.738292011067
48 64.0495867769
49 63.6363636364
50 63.360881542733
51 63.774104683233
52 63.774104683233
53 63.6363636364
54 63.360881542733
55 62.8099173554
56 62.258953168067
57 62.672176308567
58 63.085399449067
59 63.6363636364
60 63.085399449067
61 62.947658402233
62 62.258953168067
63 62.534435261733
64 62.3966942149
65 62.672176308567
66 62.8099173554
67 62.8099173554
68 62.8099173554
69 62.947658402233
70 62.672176308567
71 63.085399449067
72 62.672176308567
73 62.947658402233
74 62.947658402233
75 63.2231404959
76 63.360881542733
77 63.2231404959
78 63.085399449067
79 62.947658402233
80 62.947658402233
81 62.672176308567
82 62.947658402233
83 62.3966942149
84 62.672176308567
85 62.534435261733
86 62.947658402233
87 63.2231404959
88 63.6363636364
89 63.911845730067
90 63.498622589567
91 63.498622589567
92 63.360881542733
93 63.360881542733
94 62.8099173554
95 62.672176308567
96 62.947658402233
97 63.2231404959
98 63.498622589567
99 63.498622589567
100 63.6363636364
