<<<<<<< HEAD
Models/model1 33.8842975207
Models/model10 63.6363636364
Models/model100 63.6363636364
=======
10 56.976744186
11 57.8488372093
12 55.6686046512
13 57.1220930233
14 59.1569767442
15 55.8139534884
16 55.6686046512
17 56.5406976744
1 39.6802325581
18 56.5406976744
19 56.8313953488
20 56.8313953488
21 56.1046511628
22 55.9593023256
23 56.3953488372
24 56.1046511628
25 55.8139534884
26 56.5406976744
27 57.9941860465
2 49.273255814
28 56.25
29 55.6686046512
30 55.9593023256
31 56.3953488372
32 56.1046511628
33 55.8139534884
34 55.0872093023
35 56.5406976744
36 56.1046511628
37 56.3953488372
3 53.0523255814
38 55.2325581395
39 55.523255814
40 55.9593023256
41 54.9418604651
42 56.976744186
43 56.25
44 55.3779069767
45 56.5406976744
46 55.2325581395
47 56.1046511628
4 56.1046511628
48 56.25
49 55.523255814
50 56.5406976744
5 55.2325581395
6 57.4127906977
7 56.976744186
8 55.8139534884
9 57.9941860465
>>>>>>> parent of d1025b3... Temporary
