1[[ 77.   9.  19.  16.]
 [  2.  71.  17.  12.]
 [ 44.  12.  26.  25.]
 [  0.  11.   9.  81.]] 
 F1 SCORE: 0.57633175035

10[[ 73.  11.  32.   5.]
 [  5.  83.   9.   5.]
 [ 19.  10.  76.   2.]
 [  7.  14.  10.  70.]] 
 F1 SCORE: 0.704508578853

11[[ 68.   7.  39.   7.]
 [  8.  69.  17.   8.]
 [ 16.   7.  79.   5.]
 [ 10.   6.  10.  75.]] 
 F1 SCORE: 0.681167202323

12[[ 70.  12.  34.   5.]
 [  6.  82.   9.   5.]
 [ 25.  10.  69.   3.]
 [  9.  16.   7.  69.]] 
 F1 SCORE: 0.67737929362

13[[ 75.   8.  32.   6.]
 [  9.  80.   8.   5.]
 [ 29.   9.  64.   5.]
 [ 10.  11.   8.  72.]] 
 F1 SCORE: 0.680759627004

14[[ 68.   9.  37.   7.]
 [ 10.  80.   5.   7.]
 [ 19.   8.  75.   5.]
 [ 14.  12.   4.  71.]] 
 F1 SCORE: 0.68646274241

15[[ 81.   9.  26.   5.]
 [ 14.  79.   6.   3.]
 [ 32.  10.  61.   4.]
 [ 17.  12.   5.  67.]] 
 F1 SCORE: 0.674042542312

16[[ 73.   6.  33.   9.]
 [  7.  76.   9.  10.]
 [ 26.   6.  67.   8.]
 [ 15.   8.   5.  73.]] 
 F1 SCORE: 0.675921388408

17[[ 74.   7.  33.   7.]
 [  7.  78.   9.   8.]
 [ 24.   6.  72.   5.]
 [ 12.  12.   9.  68.]] 
 F1 SCORE: 0.682122006338

18[[ 71.   6.  36.   8.]
 [ 10.  72.   9.  11.]
 [ 24.   5.  69.   9.]
 [ 16.   7.   6.  72.]] 
 F1 SCORE: 0.665281071343

19[[ 72.   5.  35.   9.]
 [ 10.  74.  12.   6.]
 [ 24.   5.  74.   4.]
 [ 11.   6.  13.  71.]] 
 F1 SCORE: 0.683359682835

2[[ 66.  11.  29.  15.]
 [  2.  81.   7.  12.]
 [ 28.  16.  43.  20.]
 [  1.  14.   7.  79.]] 
 F1 SCORE: 0.617587492521

20[[ 74.   5.  34.   8.]
 [  7.  75.  13.   7.]
 [ 23.   5.  76.   3.]
 [ 13.   6.  12.  70.]] 
 F1 SCORE: 0.691972681582

21[[ 72.   6.  37.   6.]
 [  7.  80.   7.   8.]
 [ 24.   6.  72.   5.]
 [ 11.  10.  10.  70.]] 
 F1 SCORE: 0.687986884818

22[[ 67.   9.  38.   7.]
 [  6.  75.  15.   6.]
 [ 14.   6.  84.   3.]
 [  9.   9.  14.  69.]] 
 F1 SCORE: 0.689219613006

23[[ 66.   8.  39.   8.]
 [  7.  77.  13.   5.]
 [ 14.   6.  84.   3.]
 [ 10.  10.  13.  68.]] 
 F1 SCORE: 0.688877602987

24[[ 68.  10.  36.   7.]
 [  7.  80.  10.   5.]
 [ 18.   9.  76.   4.]
 [ 10.  13.  10.  68.]] 
 F1 SCORE: 0.68148120182

25[[ 69.   7.  36.   9.]
 [  7.  79.   8.   8.]
 [ 26.   5.  72.   4.]
 [ 11.  10.   9.  71.]] 
 F1 SCORE: 0.681127415851

26[[ 75.   9.  29.   8.]
 [  9.  75.  12.   6.]
 [ 27.   5.  72.   3.]
 [ 11.  10.  10.  70.]] 
 F1 SCORE: 0.68358010373

27[[ 69.  11.  34.   7.]
 [ 10.  75.  10.   7.]
 [ 30.   5.  67.   5.]
 [ 11.  11.   8.  71.]] 
 F1 SCORE: 0.661071019224

28[[ 62.  11.  39.   9.]
 [  6.  77.  12.   7.]
 [ 18.   7.  80.   2.]
 [  8.  13.  10.  70.]] 
 F1 SCORE: 0.673994887611

29[[ 77.   7.  30.   7.]
 [ 13.  74.   6.   9.]
 [ 32.   4.  68.   3.]
 [ 15.   9.   6.  71.]] 
 F1 SCORE: 0.680546218401

3[[ 58.   8.  45.  10.]
 [  2.  69.  18.  13.]
 [ 16.  12.  66.  13.]
 [  2.   9.  10.  80.]] 
 F1 SCORE: 0.636706781915

30[[ 75.   8.  30.   8.]
 [ 12.  76.   8.   6.]
 [ 27.   8.  69.   3.]
 [ 13.  11.   6.  71.]] 
 F1 SCORE: 0.681224400727

31[[ 75.   8.  31.   7.]
 [  9.  78.   8.   7.]
 [ 26.   8.  71.   2.]
 [  9.  12.   9.  71.]] 
 F1 SCORE: 0.689659433252

32[[ 70.   8.  34.   9.]
 [  6.  76.  12.   8.]
 [ 23.   4.  74.   6.]
 [  8.   9.  11.  73.]] 
 F1 SCORE: 0.68520491849

33[[ 72.   8.  33.   8.]
 [  8.  73.  13.   8.]
 [ 22.   4.  75.   6.]
 [ 12.   8.  11.  70.]] 
 F1 SCORE: 0.678621892491

34[[ 71.   9.  33.   8.]
 [  6.  81.   7.   8.]
 [ 25.   8.  70.   4.]
 [ 11.  10.  10.  70.]] 
 F1 SCORE: 0.681997639891

35[[ 72.   8.  33.   8.]
 [ 10.  78.   8.   6.]
 [ 26.   8.  70.   3.]
 [ 12.   9.   9.  71.]] 
 F1 SCORE: 0.681637205657

36[[ 72.   9.  32.   8.]
 [  8.  78.   7.   9.]
 [ 29.   6.  68.   4.]
 [ 11.   8.  10.  72.]] 
 F1 SCORE: 0.678848544557

37[[ 73.   8.  32.   8.]
 [  6.  76.  10.  10.]
 [ 28.   7.  70.   2.]
 [ 14.   7.   9.  71.]] 
 F1 SCORE: 0.679231051544

38[[ 72.  10.  32.   7.]
 [  8.  75.  12.   7.]
 [ 31.   7.  68.   1.]
 [ 14.   9.   8.  70.]] 
 F1 SCORE: 0.669022306148

39[[ 75.   8.  33.   5.]
 [  9.  78.  10.   5.]
 [ 25.   8.  72.   2.]
 [ 14.  10.   8.  69.]] 
 F1 SCORE: 0.689091091631

4[[ 73.   8.  31.   9.]
 [  6.  76.   9.  11.]
 [ 26.  12.  58.  11.]
 [  4.  11.   9.  77.]] 
 F1 SCORE: 0.660238378999

40[[ 73.  11.  31.   6.]
 [ 10.  83.   3.   6.]
 [ 31.   9.  64.   3.]
 [ 14.  11.   4.  72.]] 
 F1 SCORE: 0.68331538456

41[[ 71.   7.  35.   8.]
 [  7.  78.   8.   9.]
 [ 24.   6.  73.   4.]
 [ 10.  10.   9.  72.]] 
 F1 SCORE: 0.687373338139

42[[ 73.   7.  34.   7.]
 [  7.  81.   7.   7.]
 [ 25.   6.  74.   2.]
 [ 11.  10.  11.  69.]] 
 F1 SCORE: 0.694892534796

43[[ 74.   8.  31.   8.]
 [  9.  75.  10.   8.]
 [ 29.   6.  68.   4.]
 [ 10.   8.   7.  76.]] 
 F1 SCORE: 0.686065354269

44[[ 76.   7.  30.   8.]
 [ 12.  75.   6.   9.]
 [ 32.   6.  65.   4.]
 [ 14.   9.   6.  72.]] 
 F1 SCORE: 0.674897988086

45[[ 73.   6.  34.   8.]
 [ 12.  77.   5.   8.]
 [ 30.   5.  68.   4.]
 [ 15.   7.   6.  73.]] 
 F1 SCORE: 0.683539583217

46[[ 79.   7.  27.   8.]
 [ 14.  74.   7.   7.]
 [ 30.   3.  70.   4.]
 [ 14.   6.  10.  71.]] 
 F1 SCORE: 0.690044023597

47[[ 74.   8.  31.   8.]
 [  7.  80.   6.   9.]
 [ 28.   4.  71.   4.]
 [ 15.   6.   7.  73.]] 
 F1 SCORE: 0.698109805253

48[[ 72.   7.  34.   8.]
 [ 11.  74.   9.   8.]
 [ 27.   5.  72.   3.]
 [ 15.   7.   5.  74.]] 
 F1 SCORE: 0.685397011013

49[[ 72.   6.  34.   9.]
 [ 10.  75.   8.   9.]
 [ 26.   5.  73.   3.]
 [ 14.   7.   7.  73.]] 
 F1 SCORE: 0.687023973924

5[[ 73.   8.  29.  11.]
 [  7.  75.  10.  10.]
 [ 27.  12.  60.   8.]
 [  5.   8.   9.  79.]] 
 F1 SCORE: 0.668109288815

50[[ 72.   8.  33.   8.]
 [ 10.  78.   4.  10.]
 [ 29.   6.  69.   3.]
 [ 15.  10.   6.  70.]] 
 F1 SCORE: 0.676751371684

51[[ 69.   7.  37.   8.]
 [  7.  78.   9.   8.]
 [ 24.   6.  75.   2.]
 [ 12.   9.   8.  72.]] 
 F1 SCORE: 0.688517956936

52[[ 76.   6.  32.   7.]
 [  9.  81.   4.   8.]
 [ 29.   7.  67.   4.]
 [ 16.  10.   5.  70.]] 
 F1 SCORE: 0.688020843862

53[[ 75.   7.  30.   9.]
 [ 10.  80.   4.   8.]
 [ 27.   7.  69.   4.]
 [ 14.  10.   6.  71.]] 
 F1 SCORE: 0.689656665686

54[[ 74.   8.  31.   8.]
 [ 10.  82.   4.   6.]
 [ 27.   6.  70.   4.]
 [ 14.  11.   9.  67.]] 
 F1 SCORE: 0.685057320475

55[[ 73.   6.  33.   9.]
 [  8.  78.   8.   8.]
 [ 24.   5.  75.   3.]
 [  9.  11.  10.  71.]] 
 F1 SCORE: 0.694228495209

56[[ 74.   6.  33.   8.]
 [  9.  79.   6.   8.]
 [ 26.   7.  71.   3.]
 [ 13.   9.   6.  73.]] 
 F1 SCORE: 0.69515665137

57[[ 78.   5.  30.   8.]
 [  9.  80.   6.   7.]
 [ 31.   7.  66.   3.]
 [ 14.   7.   8.  72.]] 
 F1 SCORE: 0.693710580864

58[[ 74.   6.  32.   9.]
 [ 10.  78.   7.   7.]
 [ 31.   6.  67.   3.]
 [ 12.   8.   9.  72.]] 
 F1 SCORE: 0.682594449288

59[[ 72.   7.  33.   9.]
 [  9.  78.   7.   8.]
 [ 29.   7.  67.   4.]
 [ 12.  10.   8.  71.]] 
 F1 SCORE: 0.674163343471

6[[ 78.   7.  26.  10.]
 [  8.  80.   4.  10.]
 [ 28.  12.  58.   9.]
 [  4.  11.   9.  77.]] 
 F1 SCORE: 0.68000636251

60[[ 77.   7.  29.   8.]
 [ 12.  77.   6.   7.]
 [ 30.   7.  66.   4.]
 [ 18.   8.   6.  69.]] 
 F1 SCORE: 0.677512384775

7[[ 78.   9.  28.   6.]
 [  7.  79.   7.   9.]
 [ 24.  13.  64.   6.]
 [  8.   9.   8.  76.]] 
 F1 SCORE: 0.691638203135

8[[ 76.   8.  30.   7.]
 [  7.  81.   7.   7.]
 [ 24.  10.  68.   5.]
 [  9.   9.   8.  75.]] 
 F1 SCORE: 0.700047842453

9[[ 72.   7.  33.   9.]
 [  6.  75.  10.  11.]
 [ 21.   7.  73.   6.]
 [  7.  10.  10.  74.]] 
 F1 SCORE: 0.685889435054

1[[ 68.  10.  27.  16.]
 [  1.  85.   3.  13.]
 [ 28.  10.  55.  14.]
 [  0.  13.   5.  83.]] 
 F1 SCORE: 0.671558412823

10[[ 67.   7.  35.  12.]
 [  4.  81.   7.  10.]
 [ 20.   4.  78.   5.]
 [  2.   9.   6.  84.]] 
 F1 SCORE: 0.721544627033

11[[ 71.   7.  32.  11.]
 [  7.  81.   5.   9.]
 [ 25.   3.  72.   7.]
 [  2.   9.   7.  83.]] 
 F1 SCORE: 0.715692137556

12[[ 71.   6.  32.  12.]
 [  8.  81.   3.  10.]
 [ 27.   4.  70.   6.]
 [  5.   9.   5.  82.]] 
 F1 SCORE: 0.709115409673

13[[ 71.   5.  35.  10.]
 [  7.  80.   4.  11.]
 [ 26.   4.  70.   7.]
 [  3.  10.   6.  82.]] 
 F1 SCORE: 0.706677183377

14[[ 72.   6.  34.   9.]
 [  9.  80.   3.  10.]
 [ 29.   4.  69.   5.]
 [  5.  10.   5.  81.]] 
 F1 SCORE: 0.705420997343

15[[ 79.   7.  24.  11.]
 [  7.  82.   2.  11.]
 [ 38.   4.  59.   6.]
 [  5.  10.   5.  81.]] 
 F1 SCORE: 0.700603335751

16[[ 69.   3.  36.  13.]
 [  8.  79.   5.  10.]
 [ 25.   3.  74.   5.]
 [  6.   8.   5.  82.]] 
 F1 SCORE: 0.71052751532

17[[ 72.   4.  34.  11.]
 [  7.  85.   3.   7.]
 [ 26.   6.  71.   4.]
 [  6.  11.   4.  80.]] 
 F1 SCORE: 0.718644128466

18[[ 87.   6.  19.   9.]
 [  8.  82.   2.  10.]
 [ 46.   4.  53.   4.]
 [  6.  10.   4.  81.]] 
 F1 SCORE: 0.704098043846

19[[ 73.   3.  34.  11.]
 [  9.  79.   3.  11.]
 [ 30.   5.  66.   6.]
 [  6.   9.   5.  81.]] 
 F1 SCORE: 0.698560129717

2[[ 63.   7.  35.  16.]
 [  2.  78.   4.  18.]
 [ 17.   8.  69.  13.]
 [  0.  10.   5.  86.]] 
 F1 SCORE: 0.685995181811

20[[ 71.   6.  33.  11.]
 [  8.  79.   4.  11.]
 [ 16.   6.  80.   5.]
 [  6.   8.   5.  82.]] 
 F1 SCORE: 0.726337907166

21[[ 75.   7.  28.  11.]
 [  6.  82.   3.  11.]
 [ 25.   6.  70.   6.]
 [  5.   9.   4.  83.]] 
 F1 SCORE: 0.721516113852

22[[ 67.  10.  35.   9.]
 [  8.  85.   3.   6.]
 [ 24.   4.  75.   4.]
 [  6.  12.   6.  77.]] 
 F1 SCORE: 0.709121280549

23[[ 75.   4.  32.  10.]
 [ 12.  76.   6.   8.]
 [ 25.   3.  78.   1.]
 [  8.   6.   5.  82.]] 
 F1 SCORE: 0.728577467941

24[[ 73.   4.  32.  12.]
 [ 11.  77.   4.  10.]
 [ 31.   4.  69.   3.]
 [  6.  10.   4.  81.]] 
 F1 SCORE: 0.701632314497

25[[ 67.   7.  36.  11.]
 [  6.  81.   5.  10.]
 [ 22.   6.  75.   4.]
 [  5.  10.   4.  82.]] 
 F1 SCORE: 0.710499274656

26[[ 69.   9.  33.  10.]
 [  6.  80.   5.  11.]
 [ 29.   5.  69.   4.]
 [  5.   9.   3.  84.]] 
 F1 SCORE: 0.704108126335

27[[ 71.   6.  33.  11.]
 [  8.  80.   4.  10.]
 [ 28.   4.  71.   4.]
 [  5.  11.   4.  81.]] 
 F1 SCORE: 0.707157480531

28[[ 68.   6.  36.  11.]
 [  8.  80.   5.   9.]
 [ 26.   4.  75.   2.]
 [  6.   9.   5.  81.]] 
 F1 SCORE: 0.71047968682

29[[ 67.   7.  36.  11.]
 [  6.  81.   5.  10.]
 [ 23.   5.  74.   5.]
 [  6.   8.   4.  83.]] 
 F1 SCORE: 0.711067466188

3[[ 69.   8.  33.  11.]
 [  3.  85.   4.  10.]
 [ 18.   8.  74.   7.]
 [  1.  11.   8.  81.]] 
 F1 SCORE: 0.717907936914

30[[ 67.   7.  36.  11.]
 [  6.  80.   5.  11.]
 [ 25.   3.  73.   6.]
 [  6.   8.   4.  83.]] 
 F1 SCORE: 0.706865828092

31[[ 68.   7.  34.  12.]
 [  6.  83.   5.   8.]
 [ 24.   4.  72.   7.]
 [  5.  11.   4.  81.]] 
 F1 SCORE: 0.708210872542

32[[ 66.   7.  37.  11.]
 [  7.  78.   6.  11.]
 [ 29.   3.  71.   4.]
 [  6.   9.   5.  81.]] 
 F1 SCORE: 0.69187588747

33[[ 70.   9.  32.  10.]
 [  8.  78.   4.  12.]
 [ 29.   4.  68.   6.]
 [  6.   9.   4.  82.]] 
 F1 SCORE: 0.695094287596

34[[ 65.   7.  39.  10.]
 [  7.  79.   5.  11.]
 [ 26.   3.  74.   4.]
 [  4.  10.   5.  82.]] 
 F1 SCORE: 0.700242273082

35[[ 68.   8.  35.  10.]
 [  6.  79.   7.  10.]
 [ 26.   3.  73.   5.]
 [  5.  10.   4.  82.]] 
 F1 SCORE: 0.704606841726

36[[ 66.   6.  39.  10.]
 [  8.  77.   6.  11.]
 [ 31.   5.  68.   3.]
 [  6.   8.   4.  83.]] 
 F1 SCORE: 0.68799076881

37[[ 72.   7.  31.  11.]
 [  7.  78.   5.  12.]
 [ 29.   3.  66.   9.]
 [  6.   7.   5.  83.]] 
 F1 SCORE: 0.697496269615

38[[ 71.   7.  33.  10.]
 [  7.  78.   6.  11.]
 [ 28.   2.  72.   5.]
 [  6.   9.   4.  82.]] 
 F1 SCORE: 0.707664622957

39[[ 69.   6.  36.  10.]
 [  7.  77.   7.  11.]
 [ 24.   4.  77.   2.]
 [  6.   9.   4.  82.]] 
 F1 SCORE: 0.712122616179

4[[ 72.   8.  29.  12.]
 [  2.  80.   4.  16.]
 [ 22.   7.  70.   8.]
 [  1.   8.   6.  86.]] 
 F1 SCORE: 0.715121715043

40[[ 70.   9.  34.   8.]
 [  5.  80.   6.  11.]
 [ 22.   4.  76.   5.]
 [  6.   9.   4.  82.]] 
 F1 SCORE: 0.71779694528

41[[ 70.   6.  34.  11.]
 [  6.  81.   4.  11.]
 [ 26.   5.  73.   3.]
 [  6.   9.   4.  82.]] 
 F1 SCORE: 0.71387561614

42[[ 70.   6.  35.  10.]
 [  7.  78.   6.  11.]
 [ 26.   4.  75.   2.]
 [  6.   9.   4.  82.]] 
 F1 SCORE: 0.71238117664

43[[ 75.   8.  28.  10.]
 [  8.  80.   5.   9.]
 [ 34.   5.  65.   3.]
 [  6.  10.   4.  81.]] 
 F1 SCORE: 0.702842279919

44[[ 69.   7.  35.  10.]
 [  7.  78.   7.  10.]
 [ 28.   2.  72.   5.]
 [  6.  10.   4.  81.]] 
 F1 SCORE: 0.700982722761

45[[ 67.   7.  37.  10.]
 [  6.  80.   5.  11.]
 [ 28.   3.  72.   4.]
 [  6.  10.   4.  81.]] 
 F1 SCORE: 0.700601800455

46[[ 70.   6.  34.  11.]
 [  5.  79.   7.  11.]
 [ 27.   4.  74.   2.]
 [  6.  10.   5.  80.]] 
 F1 SCORE: 0.707473386816

47[[ 67.   7.  38.   9.]
 [  5.  81.   5.  11.]
 [ 26.   5.  72.   4.]
 [  6.  10.   4.  81.]] 
 F1 SCORE: 0.702343841644

48[[ 65.   8.  39.   9.]
 [  6.  80.   5.  11.]
 [ 25.   4.  74.   4.]
 [  5.   9.   5.  82.]] 
 F1 SCORE: 0.702377929439

49[[ 72.   6.  34.   9.]
 [  5.  79.   6.  12.]
 [ 23.   3.  78.   3.]
 [  5.   8.   6.  82.]] 
 F1 SCORE: 0.725685786575

5[[ 76.   9.  26.  10.]
 [  3.  80.   4.  15.]
 [ 22.   9.  68.   8.]
 [  1.   8.   5.  87.]] 
 F1 SCORE: 0.721448620842

50[[ 72.   6.  33.  10.]
 [  5.  79.   6.  12.]
 [ 25.   3.  77.   2.]
 [  5.   9.   7.  80.]] 
 F1 SCORE: 0.718900454721

51[[ 76.   6.  30.   9.]
 [ 10.  78.   4.  10.]
 [ 32.   4.  68.   3.]
 [  6.  10.   5.  80.]] 
 F1 SCORE: 0.706024880465

52[[ 71.   6.  35.   9.]
 [  4.  81.   7.  10.]
 [ 21.   6.  76.   4.]
 [  6.   8.   5.  82.]] 
 F1 SCORE: 0.722946731793

53[[ 73.   6.  32.  10.]
 [  6.  80.   5.  11.]
 [ 28.   5.  69.   5.]
 [  6.   9.   4.  82.]] 
 F1 SCORE: 0.709161131882

54[[ 75.   5.  31.  10.]
 [  8.  79.   5.  10.]
 [ 27.   4.  71.   5.]
 [  5.  10.   6.  80.]] 
 F1 SCORE: 0.71193669873

55[[ 69.   5.  37.  10.]
 [  4.  79.   7.  12.]
 [ 25.   3.  74.   5.]
 [  5.   8.   5.  83.]] 
 F1 SCORE: 0.712077501028

56[[ 72.   8.  31.  10.]
 [  6.  81.   4.  11.]
 [ 28.   4.  70.   5.]
 [  6.  10.   4.  81.]] 
 F1 SCORE: 0.708815988877

57[[ 71.   6.  33.  11.]
 [  5.  81.   4.  12.]
 [ 28.   4.  69.   6.]
 [  6.   9.   4.  82.]] 
 F1 SCORE: 0.706557104715

58[[ 71.   6.  34.  10.]
 [  5.  81.   4.  12.]
 [ 24.   5.  72.   6.]
 [  6.   9.   5.  81.]] 
 F1 SCORE: 0.71091435938

59[[ 74.   7.  30.  10.]
 [  6.  80.   5.  11.]
 [ 28.   5.  69.   5.]
 [  6.  10.   4.  81.]] 
 F1 SCORE: 0.708701894624

6[[ 71.   7.  32.  11.]
 [  5.  78.   4.  15.]
 [ 22.   6.  72.   7.]
 [  1.   8.   5.  87.]] 
 F1 SCORE: 0.715862429932

60[[ 72.   6.  33.  10.]
 [  7.  80.   5.  10.]
 [ 28.   3.  71.   5.]
 [  6.  10.   4.  81.]] 
 F1 SCORE: 0.709866939247

7[[ 72.   8.  31.  10.]
 [  6.  81.   5.  10.]
 [ 26.   5.  72.   4.]
 [  1.   9.   7.  84.]] 
 F1 SCORE: 0.719972110969

8[[ 72.   7.  32.  10.]
 [  8.  80.   3.  11.]
 [ 28.   7.  65.   7.]
 [  3.   9.   5.  84.]] 
 F1 SCORE: 0.700779350397

9[[ 86.   7.  16.  12.]
 [  8.  80.   3.  11.]
 [ 40.   5.  54.   8.]
 [  2.   9.   4.  86.]] 
 F1 SCORE: 0.708346346929

1[[ 77.   9.  12.  23.]
 [  1.  82.   1.  18.]
 [ 44.  14.  13.  36.]
 [  0.  16.   3.  82.]] 
 F1 SCORE: 0.547779141573

10[[ 65.   9.  30.  17.]
 [  1.  87.   4.  10.]
 [ 22.  11.  57.  17.]
 [  0.  16.   4.  81.]] 
 F1 SCORE: 0.669128374412

11[[ 65.   7.  32.  17.]
 [  2.  86.   4.  10.]
 [ 21.   9.  62.  15.]
 [  0.  14.   6.  81.]] 
 F1 SCORE: 0.680473101475

12[[ 69.   9.  26.  17.]
 [  2.  86.   3.  11.]
 [ 23.   9.  57.  18.]
 [  0.  15.   5.  81.]] 
 F1 SCORE: 0.676606224912

13[[ 66.   7.  32.  16.]
 [  2.  84.   4.  12.]
 [ 21.   9.  62.  15.]
 [  0.  14.   5.  82.]] 
 F1 SCORE: 0.68062227841

14[[ 62.   7.  35.  17.]
 [  2.  84.   4.  12.]
 [ 17.   9.  65.  16.]
 [  0.  14.   5.  82.]] 
 F1 SCORE: 0.678197315346

15[[ 63.   7.  36.  15.]
 [  4.  83.   4.  11.]
 [ 15.   7.  71.  14.]
 [  1.  13.   5.  82.]] 
 F1 SCORE: 0.693215809041

16[[ 66.   7.  34.  14.]
 [  4.  83.   4.  11.]
 [ 18.   7.  68.  14.]
 [  2.  13.   5.  81.]] 
 F1 SCORE: 0.691374042551

17[[ 67.   7.  33.  14.]
 [  4.  83.   4.  11.]
 [ 18.   7.  67.  15.]
 [  0.  14.   5.  82.]] 
 F1 SCORE: 0.69330858511

18[[ 65.   6.  36.  14.]
 [  4.  78.   4.  16.]
 [ 15.   7.  71.  14.]
 [  1.  11.   5.  84.]] 
 F1 SCORE: 0.691542399529

19[[ 69.   8.  33.  11.]
 [  4.  83.   4.  11.]
 [ 17.   7.  69.  14.]
 [  1.  13.   5.  82.]] 
 F1 SCORE: 0.703043022414

2[[ 76.   9.  14.  22.]
 [  1.  85.   1.  15.]
 [ 42.  14.  17.  34.]
 [  0.  16.   3.  82.]] 
 F1 SCORE: 0.567662908443

20[[ 67.   8.  35.  11.]
 [  4.  82.   4.  12.]
 [ 15.   7.  72.  13.]
 [  1.  12.   5.  83.]] 
 F1 SCORE: 0.705441829731

21[[ 71.   8.  32.  10.]
 [  4.  83.   4.  11.]
 [ 18.   7.  68.  14.]
 [  2.  13.   5.  81.]] 
 F1 SCORE: 0.703230884711

22[[ 68.   8.  32.  13.]
 [  4.  81.   4.  13.]
 [ 16.   7.  69.  15.]
 [  1.  10.   5.  85.]] 
 F1 SCORE: 0.702827145085

23[[ 68.   8.  33.  12.]
 [  4.  81.   4.  13.]
 [ 15.   7.  70.  15.]
 [  1.  10.   5.  85.]] 
 F1 SCORE: 0.705261413242

24[[ 69.   8.  34.  10.]
 [  4.  81.   4.  13.]
 [ 15.   7.  71.  14.]
 [  1.   9.   5.  86.]] 
 F1 SCORE: 0.712535658076

25[[ 69.   8.  34.  10.]
 [  4.  81.   4.  13.]
 [ 16.   6.  71.  14.]
 [  1.   9.   5.  86.]] 
 F1 SCORE: 0.712706820629

26[[ 68.  10.  32.  11.]
 [  3.  84.   4.  11.]
 [ 15.   7.  71.  14.]
 [  1.   9.   5.  86.]] 
 F1 SCORE: 0.716500314737

27[[ 66.  10.  35.  10.]
 [  3.  84.   4.  11.]
 [ 17.   6.  72.  12.]
 [  1.  10.   6.  84.]] 
 F1 SCORE: 0.710141889874

28[[ 71.   6.  33.  11.]
 [  4.  80.   4.  14.]
 [ 18.   6.  71.  12.]
 [  1.   9.   4.  87.]] 
 F1 SCORE: 0.717594403999

29[[ 67.  10.  32.  12.]
 [  3.  82.   4.  13.]
 [ 16.   6.  71.  14.]
 [  1.   9.   4.  87.]] 
 F1 SCORE: 0.711703933756

3[[ 74.   9.  16.  22.]
 [  1.  87.   1.  13.]
 [ 42.  14.  17.  34.]
 [  0.  16.   3.  82.]] 
 F1 SCORE: 0.567977849034

30[[ 67.   9.  34.  11.]
 [  3.  82.   4.  13.]
 [ 17.   6.  71.  13.]
 [  1.   9.   4.  87.]] 
 F1 SCORE: 0.712099435652

31[[ 67.   8.  35.  11.]
 [  3.  82.   5.  12.]
 [ 16.   6.  73.  12.]
 [  1.   9.   5.  86.]] 
 F1 SCORE: 0.715041241074

32[[ 70.   9.  32.  10.]
 [  4.  83.   3.  12.]
 [ 18.   6.  71.  12.]
 [  1.  10.   4.  86.]] 
 F1 SCORE: 0.719335055281

33[[ 67.   9.  35.  10.]
 [  3.  83.   4.  12.]
 [ 16.   6.  73.  12.]
 [  1.   9.   4.  87.]] 
 F1 SCORE: 0.7192453616

34[[ 73.   7.  31.  10.]
 [  5.  81.   4.  12.]
 [ 18.   6.  73.  10.]
 [  1.   9.   5.  86.]] 
 F1 SCORE: 0.727248291143

35[[ 65.   9.  37.  10.]
 [  3.  82.   5.  12.]
 [ 15.   6.  76.  10.]
 [  1.   9.   5.  86.]] 
 F1 SCORE: 0.717216393249

36[[ 70.   9.  30.  12.]
 [  4.  82.   4.  12.]
 [ 16.   6.  75.  10.]
 [  1.   9.   5.  86.]] 
 F1 SCORE: 0.726463117903

37[[ 67.   9.  32.  13.]
 [  3.  82.   4.  13.]
 [ 16.   6.  73.  12.]
 [  1.   9.   4.  87.]] 
 F1 SCORE: 0.716560043938

38[[ 71.   8.  32.  10.]
 [  4.  82.   4.  12.]
 [ 16.   6.  75.  10.]
 [  1.  10.   5.  85.]] 
 F1 SCORE: 0.7268976147

39[[ 70.   9.  30.  12.]
 [  3.  83.   3.  13.]
 [ 16.   6.  75.  10.]
 [  1.  10.   4.  86.]] 
 F1 SCORE: 0.728422395276

4[[ 75.   9.  18.  19.]
 [  1.  87.   1.  13.]
 [ 42.  14.  27.  24.]
 [  0.  16.   4.  81.]] 
 F1 SCORE: 0.603848567748

40[[ 70.   9.  29.  13.]
 [  3.  80.   4.  15.]
 [ 19.   6.  71.  11.]
 [  1.   8.   4.  88.]] 
 F1 SCORE: 0.716772088299

41[[ 68.   9.  30.  14.]
 [  3.  81.   4.  14.]
 [ 15.   6.  76.  10.]
 [  1.   9.   4.  87.]] 
 F1 SCORE: 0.723537289838

42[[ 71.   8.  30.  12.]
 [  5.  80.   4.  13.]
 [ 19.   6.  72.  10.]
 [  1.   9.   4.  87.]] 
 F1 SCORE: 0.719682303351

43[[ 68.   9.  35.   9.]
 [  3.  81.   4.  14.]
 [ 15.   6.  76.  10.]
 [  1.   9.   5.  86.]] 
 F1 SCORE: 0.721969138886

44[[ 68.   9.  30.  14.]
 [  3.  80.   4.  15.]
 [ 18.   6.  73.  10.]
 [  1.   7.   4.  89.]] 
 F1 SCORE: 0.718970208896

45[[ 70.   9.  32.  10.]
 [  3.  82.   4.  13.]
 [ 18.   6.  73.  10.]
 [  1.   9.   5.  86.]] 
 F1 SCORE: 0.722047549937

46[[ 70.   7.  32.  12.]
 [  3.  81.   4.  14.]
 [ 18.   6.  73.  10.]
 [  1.   7.   4.  89.]] 
 F1 SCORE: 0.726638383765

47[[ 67.   8.  33.  13.]
 [  3.  80.   4.  15.]
 [ 17.   6.  74.  10.]
 [  1.   7.   4.  89.]] 
 F1 SCORE: 0.719173521578

48[[ 70.   8.  31.  12.]
 [  4.  80.   4.  14.]
 [ 19.   6.  72.  10.]
 [  1.   7.   5.  88.]] 
 F1 SCORE: 0.719774149849

49[[ 70.   9.  31.  11.]
 [  4.  81.   4.  13.]
 [ 18.   6.  74.   9.]
 [  1.   8.   5.  87.]] 
 F1 SCORE: 0.724406737282

5[[ 66.   9.  28.  18.]
 [  1.  86.   2.  13.]
 [ 29.  14.  43.  21.]
 [  0.  14.   6.  81.]] 
 F1 SCORE: 0.631853164756

50[[ 69.   8.  32.  12.]
 [  4.  83.   3.  12.]
 [ 18.   6.  74.   9.]
 [  1.   8.   5.  87.]] 
 F1 SCORE: 0.726708316439

51[[ 70.   8.  33.  10.]
 [  4.  80.   4.  14.]
 [ 18.   6.  74.   9.]
 [  1.   8.   5.  87.]] 
 F1 SCORE: 0.722381694938

52[[ 71.   8.  31.  11.]
 [  5.  81.   3.  13.]
 [ 19.   6.  73.   9.]
 [  1.   8.   5.  87.]] 
 F1 SCORE: 0.724654691508

53[[ 71.   8.  31.  11.]
 [  5.  80.   3.  14.]
 [ 19.   6.  73.   9.]
 [  1.   7.   5.  88.]] 
 F1 SCORE: 0.724614888728

54[[ 73.   8.  31.   9.]
 [  5.  80.   3.  14.]
 [ 19.   6.  73.   9.]
 [  2.   8.   5.  86.]] 
 F1 SCORE: 0.725001220912

55[[ 74.   8.  30.   9.]
 [  6.  80.   3.  13.]
 [ 19.   6.  73.   9.]
 [  2.   8.   5.  86.]] 
 F1 SCORE: 0.727423997122

56[[ 73.   7.  33.   8.]
 [  5.  81.   3.  13.]
 [ 19.   6.  73.   9.]
 [  2.   8.   5.  86.]] 
 F1 SCORE: 0.727753555742

57[[ 73.   7.  33.   8.]
 [  5.  81.   3.  13.]
 [ 18.   6.  74.   9.]
 [  2.   8.   5.  86.]] 
 F1 SCORE: 0.730019427126

58[[ 72.   8.  32.   9.]
 [  5.  84.   2.  11.]
 [ 19.   6.  73.   9.]
 [  2.   8.   5.  86.]] 
 F1 SCORE: 0.732047379308

59[[ 73.   7.  32.   9.]
 [  5.  83.   3.  11.]
 [ 21.   6.  71.   9.]
 [  2.   8.   5.  86.]] 
 F1 SCORE: 0.727788835865

6[[ 73.   9.  18.  21.]
 [  1.  86.   1.  14.]
 [ 37.  14.  30.  26.]
 [  0.  15.   3.  83.]] 
 F1 SCORE: 0.611320450676

60[[ 70.   8.  33.  10.]
 [  5.  83.   3.  11.]
 [ 20.   6.  72.   9.]
 [  2.   9.   4.  86.]] 
 F1 SCORE: 0.722609933156

61[[ 70.   8.  34.   9.]
 [  5.  83.   3.  11.]
 [ 17.   6.  75.   9.]
 [  2.   8.   5.  86.]] 
 F1 SCORE: 0.729758577822

62[[ 72.   7.  33.   9.]
 [  5.  84.   2.  11.]
 [ 20.   6.  72.   9.]
 [  2.   9.   4.  86.]] 
 F1 SCORE: 0.729771129312

63[[ 71.   7.  33.  10.]
 [  5.  84.   2.  11.]
 [ 20.   6.  71.  10.]
 [  2.   8.   5.  86.]] 
 F1 SCORE: 0.725090750465

64[[ 71.   8.  33.   9.]
 [  5.  84.   2.  11.]
 [ 20.   6.  71.  10.]
 [  2.   8.   5.  86.]] 
 F1 SCORE: 0.725024252269

65[[ 72.   7.  32.  10.]
 [  5.  83.   2.  12.]
 [ 22.   6.  68.  11.]
 [  2.   8.   5.  86.]] 
 F1 SCORE: 0.717951522969

66[[ 76.   8.  29.   8.]
 [  5.  84.   2.  11.]
 [ 25.   6.  67.   9.]
 [  3.   9.   4.  85.]] 
 F1 SCORE: 0.725059541284

67[[ 70.   8.  34.   9.]
 [  5.  84.   2.  11.]
 [ 20.   5.  73.   9.]
 [  3.   9.   4.  85.]] 
 F1 SCORE: 0.725323938035

68[[ 74.   8.  31.   8.]
 [  5.  84.   2.  11.]
 [ 23.   5.  69.  10.]
 [  3.   9.   4.  85.]] 
 F1 SCORE: 0.725286140673

69[[ 73.   8.  32.   8.]
 [  5.  84.   2.  11.]
 [ 23.   5.  70.   9.]
 [  2.   9.   4.  86.]] 
 F1 SCORE: 0.727660203169

7[[ 68.   9.  27.  17.]
 [  1.  87.   2.  12.]
 [ 29.  14.  43.  21.]
 [  0.  14.   4.  83.]] 
 F1 SCORE: 0.642565783807

70[[ 74.   7.  32.   8.]
 [  5.  84.   2.  11.]
 [ 24.   5.  70.   8.]
 [  3.   9.   4.  85.]] 
 F1 SCORE: 0.728215359545

71[[ 74.   7.  32.   8.]
 [  5.  84.   2.  11.]
 [ 24.   5.  70.   8.]
 [  3.   9.   4.  85.]] 
 F1 SCORE: 0.728215359545

72[[ 73.   7.  33.   8.]
 [  5.  84.   2.  11.]
 [ 24.   5.  70.   8.]
 [  3.   9.   4.  85.]] 
 F1 SCORE: 0.725970528972

73[[ 74.   7.  32.   8.]
 [  5.  84.   2.  11.]
 [ 24.   5.  68.  10.]
 [  3.   9.   4.  85.]] 
 F1 SCORE: 0.723192977188

74[[ 72.   7.  34.   8.]
 [  5.  84.   2.  11.]
 [ 24.   6.  70.   7.]
 [  3.   9.   4.  85.]] 
 F1 SCORE: 0.723685097617

75[[ 74.   7.  32.   8.]
 [  5.  84.   2.  11.]
 [ 25.   6.  69.   7.]
 [  3.   9.   4.  85.]] 
 F1 SCORE: 0.725890430062

76[[ 71.   7.  35.   8.]
 [  5.  84.   2.  11.]
 [ 23.   5.  71.   8.]
 [  3.   9.   4.  85.]] 
 F1 SCORE: 0.72372234889

77[[ 73.   7.  34.   7.]
 [  5.  84.   2.  11.]
 [ 24.   5.  71.   7.]
 [  3.   9.   5.  84.]] 
 F1 SCORE: 0.726503432124

78[[ 72.   7.  34.   8.]
 [  5.  84.   2.  11.]
 [ 24.   5.  70.   8.]
 [  3.   9.   4.  85.]] 
 F1 SCORE: 0.723719389737

79[[ 73.   7.  34.   7.]
 [  5.  83.   3.  11.]
 [ 26.   4.  70.   7.]
 [  3.   9.   4.  85.]] 
 F1 SCORE: 0.724499003352

8[[ 67.   9.  28.  17.]
 [  1.  84.   2.  15.]
 [ 26.  13.  47.  21.]
 [  0.  14.   4.  83.]] 
 F1 SCORE: 0.64510862791

80[[ 72.   7.  34.   8.]
 [  5.  84.   2.  11.]
 [ 25.   5.  70.   7.]
 [  3.   9.   5.  84.]] 
 F1 SCORE: 0.72179317754

9[[ 64.   9.  31.  17.]
 [  1.  87.   3.  11.]
 [ 21.  12.  56.  18.]
 [  0.  15.   4.  82.]] 
 F1 SCORE: 0.666265489211

1[[ 110.   11.    0.    0.]
 [  16.   86.    0.    0.]
 [  91.   16.    0.    0.]
 [  85.   16.    0.    0.]] 
 F1 SCORE: nan

10[[ 65.   8.  31.  17.]
 [  1.  86.   2.  13.]
 [ 25.  11.  54.  17.]
 [  2.  14.   6.  79.]] 
 F1 SCORE: 0.655448105198

11[[ 65.   8.  31.  17.]
 [  1.  85.   2.  14.]
 [ 26.  10.  55.  16.]
 [  1.  15.   5.  80.]] 
 F1 SCORE: 0.657989573552

12[[ 65.   8.  31.  17.]
 [  2.  86.   2.  12.]
 [ 23.  10.  58.  16.]
 [  1.  15.   5.  80.]] 
 F1 SCORE: 0.667720315839

13[[ 63.   8.  35.  15.]
 [  2.  87.   2.  11.]
 [ 22.  10.  59.  16.]
 [  1.  15.   6.  79.]] 
 F1 SCORE: 0.665739902582

14[[ 64.   8.  32.  17.]
 [  2.  85.   3.  12.]
 [ 22.  10.  59.  16.]
 [  1.  15.   5.  80.]] 
 F1 SCORE: 0.6657578045

15[[ 66.   9.  30.  16.]
 [  2.  85.   4.  11.]
 [ 23.   9.  59.  16.]
 [  1.  15.   5.  80.]] 
 F1 SCORE: 0.670585263242

16[[ 62.   8.  37.  14.]
 [  3.  85.   4.  10.]
 [ 21.   8.  66.  12.]
 [  1.  15.   7.  78.]] 
 F1 SCORE: 0.674709205784

17[[ 64.   9.  32.  16.]
 [  3.  83.   4.  12.]
 [ 22.   8.  63.  14.]
 [  1.  13.   6.  81.]] 
 F1 SCORE: 0.674070500675

18[[ 68.   8.  34.  11.]
 [  3.  84.   4.  11.]
 [ 22.   8.  65.  12.]
 [  1.  13.   7.  80.]] 
 F1 SCORE: 0.689304468974

19[[ 63.   7.  38.  13.]
 [  3.  83.   4.  12.]
 [ 21.   6.  69.  11.]
 [  1.  13.   7.  80.]] 
 F1 SCORE: 0.685065298373

2[[ 109.   10.    1.    1.]
 [  15.   86.    1.    0.]
 [  88.   15.    4.    0.]
 [  54.   16.    6.   25.]] 
 F1 SCORE: 0.443831718689

20[[ 68.   9.  33.  11.]
 [  3.  84.   4.  11.]
 [ 23.   7.  67.  10.]
 [  1.  13.   7.  80.]] 
 F1 SCORE: 0.694219396617

21[[ 67.   9.  34.  11.]
 [  4.  83.   4.  11.]
 [ 22.   6.  68.  11.]
 [  1.  13.   7.  80.]] 
 F1 SCORE: 0.692110976635

22[[ 67.   8.  36.  10.]
 [  3.  83.   4.  12.]
 [ 21.   7.  68.  11.]
 [  1.  13.   7.  80.]] 
 F1 SCORE: 0.69218171706

23[[ 67.   8.  36.  10.]
 [  5.  82.   4.  11.]
 [ 23.   5.  68.  11.]
 [  2.  11.   7.  81.]] 
 F1 SCORE: 0.693190598988

24[[ 67.   8.  36.  10.]
 [  5.  81.   4.  12.]
 [ 22.   6.  68.  11.]
 [  2.  10.   7.  82.]] 
 F1 SCORE: 0.692998022065

25[[ 68.   9.  32.  12.]
 [  4.  81.   4.  13.]
 [ 24.   6.  66.  11.]
 [  2.  10.   7.  82.]] 
 F1 SCORE: 0.689955069664

26[[ 66.  10.  35.  10.]
 [  3.  84.   4.  11.]
 [ 21.   6.  70.  10.]
 [  2.  10.   7.  82.]] 
 F1 SCORE: 0.701582242704

27[[ 69.   9.  33.  10.]
 [  4.  83.   4.  11.]
 [ 24.   6.  67.  10.]
 [  2.  10.   7.  82.]] 
 F1 SCORE: 0.699695739255

28[[ 67.  10.  34.  10.]
 [  3.  82.   4.  13.]
 [ 21.   6.  70.  10.]
 [  2.   9.   7.  83.]] 
 F1 SCORE: 0.701616202168

29[[ 69.   9.  32.  11.]
 [  5.  80.   4.  13.]
 [ 26.   5.  66.  10.]
 [  2.   9.   7.  83.]] 
 F1 SCORE: 0.692975221654

3[[ 85.   9.  19.   8.]
 [  5.  86.   6.   5.]
 [ 49.  14.  39.   5.]
 [ 10.  15.  34.  42.]] 
 F1 SCORE: 0.573229627961

30[[ 71.   9.  30.  11.]
 [  4.  81.   4.  13.]
 [ 26.   6.  65.  10.]
 [  2.   9.   6.  84.]] 
 F1 SCORE: 0.69921702548

31[[ 69.   9.  33.  10.]
 [  4.  82.   4.  12.]
 [ 24.   6.  68.   9.]
 [  2.   9.   7.  83.]] 
 F1 SCORE: 0.7022079638

32[[ 70.   9.  31.  11.]
 [  4.  82.   4.  12.]
 [ 25.   6.  67.   9.]
 [  2.   9.   6.  84.]] 
 F1 SCORE: 0.704135382858

33[[ 69.   9.  33.  10.]
 [  4.  82.   4.  12.]
 [ 23.   6.  69.   9.]
 [  2.   8.   6.  85.]] 
 F1 SCORE: 0.708988660563

34[[ 67.  10.  33.  11.]
 [  3.  83.   4.  12.]
 [ 22.   7.  69.   9.]
 [  2.   8.   6.  85.]] 
 F1 SCORE: 0.705921376123

35[[ 70.   9.  31.  11.]
 [  4.  81.   4.  13.]
 [ 26.   6.  66.   9.]
 [  2.   8.   6.  85.]] 
 F1 SCORE: 0.701822148811

36[[ 70.   8.  32.  11.]
 [  4.  81.   4.  13.]
 [ 23.   6.  69.   9.]
 [  2.   8.   6.  85.]] 
 F1 SCORE: 0.708972692375

37[[ 70.   8.  32.  11.]
 [  4.  81.   4.  13.]
 [ 25.   6.  67.   9.]
 [  2.   8.   6.  85.]] 
 F1 SCORE: 0.704375152801

38[[ 68.   8.  34.  11.]
 [  4.  81.   4.  13.]
 [ 24.   6.  70.   7.]
 [  1.   8.   7.  85.]] 
 F1 SCORE: 0.707034470582

39[[ 67.   9.  33.  12.]
 [  4.  82.   4.  12.]
 [ 25.   6.  70.   6.]
 [  2.   8.   7.  84.]] 
 F1 SCORE: 0.704755547313

4[[ 74.   9.  24.  14.]
 [  0.  84.   7.  11.]
 [ 43.  14.  36.  14.]
 [  1.  15.   8.  77.]] 
 F1 SCORE: 0.618632169221

40[[ 73.   7.  29.  12.]
 [  5.  80.   4.  13.]
 [ 26.   6.  66.   9.]
 [  1.   8.   6.  86.]] 
 F1 SCORE: 0.708779272859

41[[ 70.   8.  31.  12.]
 [  4.  81.   4.  13.]
 [ 24.   6.  68.   9.]
 [  1.   8.   6.  86.]] 
 F1 SCORE: 0.708629427855

42[[ 71.   8.  30.  12.]
 [  4.  82.   4.  12.]
 [ 26.   6.  69.   6.]
 [  1.   8.   8.  84.]] 
 F1 SCORE: 0.711827669269

43[[ 71.   9.  29.  12.]
 [  3.  83.   4.  12.]
 [ 27.   6.  68.   6.]
 [  1.   9.   8.  83.]] 
 F1 SCORE: 0.709090059466

44[[ 71.   9.  29.  12.]
 [  3.  83.   4.  12.]
 [ 26.   6.  69.   6.]
 [  1.   8.   7.  85.]] 
 F1 SCORE: 0.715910622161

45[[ 69.   8.  32.  12.]
 [  3.  83.   4.  12.]
 [ 26.   6.  69.   6.]
 [  1.   8.   8.  84.]] 
 F1 SCORE: 0.709468292633

46[[ 70.   7.  36.   8.]
 [  3.  83.   5.  11.]
 [ 25.   6.  71.   5.]
 [  1.   9.   8.  83.]] 
 F1 SCORE: 0.715480896846

47[[ 72.   7.  31.  11.]
 [  4.  82.   4.  12.]
 [ 26.   6.  69.   6.]
 [  1.   8.   8.  84.]] 
 F1 SCORE: 0.714510214533

48[[ 76.   7.  27.  11.]
 [  4.  82.   4.  12.]
 [ 29.   6.  66.   6.]
 [  1.   8.   8.  84.]] 
 F1 SCORE: 0.716424224104

49[[ 74.   7.  31.   9.]
 [  4.  82.   4.  12.]
 [ 27.   6.  68.   6.]
 [  1.   8.   7.  85.]] 
 F1 SCORE: 0.719208138795

5[[ 74.   9.  20.  18.]
 [  0.  83.   1.  18.]
 [ 42.  14.  29.  22.]
 [  0.  15.   5.  81.]] 
 F1 SCORE: 0.600472971008

50[[ 74.   7.  31.   9.]
 [  4.  82.   4.  12.]
 [ 27.   6.  69.   5.]
 [  1.   8.   7.  85.]] 
 F1 SCORE: 0.721724173561

51[[ 76.   7.  29.   9.]
 [  4.  82.   4.  12.]
 [ 28.   6.  68.   5.]
 [  2.   8.   6.  85.]] 
 F1 SCORE: 0.723852367288

52[[ 71.   7.  34.   9.]
 [  5.  80.   6.  11.]
 [ 25.   6.  71.   5.]
 [  1.   8.   8.  84.]] 
 F1 SCORE: 0.713316806105

53[[ 75.   7.  30.   9.]
 [  6.  80.   4.  12.]
 [ 29.   6.  67.   5.]
 [  4.   8.   6.  83.]] 
 F1 SCORE: 0.710779906754

54[[ 75.   7.  30.   9.]
 [  4.  82.   4.  12.]
 [ 30.   6.  66.   5.]
 [  3.   9.   6.  83.]] 
 F1 SCORE: 0.712521957306

55[[ 71.   7.  33.  10.]
 [  3.  82.   4.  13.]
 [ 26.   6.  70.   5.]
 [  1.   7.   7.  86.]] 
 F1 SCORE: 0.719261342791

56[[ 75.   7.  30.   9.]
 [  5.  81.   4.  12.]
 [ 29.   6.  66.   6.]
 [  3.   7.   6.  85.]] 
 F1 SCORE: 0.714911689068

57[[ 73.   7.  31.  10.]
 [  4.  82.   5.  11.]
 [ 29.   6.  67.   5.]
 [  4.   9.   6.  82.]] 
 F1 SCORE: 0.708302625619

58[[ 73.   7.  31.  10.]
 [  4.  82.   4.  12.]
 [ 29.   5.  68.   5.]
 [  3.   8.   6.  84.]] 
 F1 SCORE: 0.715196659285

59[[ 73.   7.  31.  10.]
 [  4.  82.   5.  11.]
 [ 26.   5.  71.   5.]
 [  4.   8.   6.  83.]] 
 F1 SCORE: 0.720050795438

6[[ 72.   9.  21.  19.]
 [  0.  86.   1.  15.]
 [ 39.  14.  31.  23.]
 [  0.  15.   5.  81.]] 
 F1 SCORE: 0.608833361404

60[[ 73.   7.  31.  10.]
 [  4.  82.   4.  12.]
 [ 27.   6.  69.   5.]
 [  3.   8.   6.  84.]] 
 F1 SCORE: 0.717187101961

61[[ 73.   7.  31.  10.]
 [  4.  82.   4.  12.]
 [ 28.   6.  69.   4.]
 [  4.   8.   6.  83.]] 
 F1 SCORE: 0.715300874908

62[[ 73.   7.  31.  10.]
 [  5.  81.   4.  12.]
 [ 28.   6.  69.   4.]
 [  4.   8.   6.  83.]] 
 F1 SCORE: 0.713143292508

7[[ 72.   9.  20.  20.]
 [  0.  86.   1.  15.]
 [ 37.  14.  34.  22.]
 [  0.  16.   5.  80.]] 
 F1 SCORE: 0.615812685982

8[[ 67.   9.  25.  20.]
 [  0.  86.   1.  15.]
 [ 30.  14.  42.  21.]
 [  0.  16.   4.  81.]] 
 F1 SCORE: 0.630583540527

9[[ 64.   9.  31.  17.]
 [  0.  86.   2.  14.]
 [ 24.  12.  53.  18.]
 [  0.  15.   6.  80.]] 
 F1 SCORE: 0.652153206185

1[[ 61.  36.  10.  14.]
 [ 16.  63.   8.  15.]
 [ 57.  26.  12.  12.]
 [ 25.  14.   9.  53.]] 
 F1 SCORE: 0.416627291928

10[[ 77.   9.  27.   8.]
 [  4.  76.   9.  13.]
 [ 44.   9.  45.   9.]
 [  2.  12.  10.  77.]] 
 F1 SCORE: 0.636666760659

11[[ 74.   9.  31.   7.]
 [  3.  79.   9.  11.]
 [ 40.  10.  50.   7.]
 [  1.  12.  11.  77.]] 
 F1 SCORE: 0.650979950304

12[[ 74.   9.  31.   7.]
 [  4.  81.  10.   7.]
 [ 40.   9.  54.   4.]
 [  1.  12.  12.  76.]] 
 F1 SCORE: 0.665347530908

13[[ 72.   9.  33.   7.]
 [  2.  78.  12.  10.]
 [ 30.   9.  61.   7.]
 [  0.  12.  11.  78.]] 
 F1 SCORE: 0.673993226601

14[[ 76.   9.  29.   7.]
 [  2.  80.  12.   8.]
 [ 41.  10.  50.   6.]
 [  1.  12.  10.  78.]] 
 F1 SCORE: 0.66066208347

15[[ 68.   8.  37.   8.]
 [  1.  80.  13.   8.]
 [ 22.   9.  71.   5.]
 [  0.  12.  11.  78.]] 
 F1 SCORE: 0.69348638306

16[[ 68.   6.  40.   7.]
 [  1.  80.  13.   8.]
 [ 22.   8.  73.   4.]
 [  0.  12.  13.  76.]] 
 F1 SCORE: 0.694936585559

17[[ 65.   8.  40.   8.]
 [  1.  80.  11.  10.]
 [ 15.  11.  73.   8.]
 [  0.  12.  10.  79.]] 
 F1 SCORE: 0.691884371312

18[[ 69.   7.  39.   6.]
 [  2.  82.  11.   7.]
 [ 19.   8.  75.   5.]
 [  0.  12.  11.  78.]] 
 F1 SCORE: 0.710110436015

19[[ 71.   9.  37.   4.]
 [  2.  83.  11.   6.]
 [ 19.  12.  73.   3.]
 [  0.  12.  12.  77.]] 
 F1 SCORE: 0.710687653105

2[[ 73.  23.  14.  11.]
 [ 16.  66.   5.  15.]
 [ 61.  16.  17.  13.]
 [ 21.  13.  10.  57.]] 
 F1 SCORE: 0.475225606317

20[[ 68.  10.  39.   4.]
 [  2.  83.   8.   9.]
 [ 17.  10.  73.   7.]
 [  0.  12.   8.  81.]] 
 F1 SCORE: 0.710519976534

21[[ 71.   6.  38.   6.]
 [  2.  80.  10.  10.]
 [ 17.   6.  77.   7.]
 [  0.  10.   9.  82.]] 
 F1 SCORE: 0.723105040428

22[[ 69.   7.  40.   5.]
 [  2.  82.  11.   7.]
 [ 15.  10.  78.   4.]
 [  0.  10.   9.  82.]] 
 F1 SCORE: 0.726193287098

23[[ 71.   6.  39.   5.]
 [  2.  81.  11.   8.]
 [ 15.   7.  80.   5.]
 [  0.  10.   8.  83.]] 
 F1 SCORE: 0.735169251755

24[[ 68.   6.  43.   4.]
 [  2.  83.  11.   6.]
 [ 14.   9.  83.   1.]
 [  0.  11.  11.  79.]] 
 F1 SCORE: 0.732087503753

25[[ 72.   9.  36.   4.]
 [  3.  84.  10.   5.]
 [ 14.  10.  80.   3.]
 [  1.  10.   8.  82.]] 
 F1 SCORE: 0.742196464944

26[[ 80.   7.  29.   5.]
 [  3.  82.  10.   7.]
 [ 20.  10.  75.   2.]
 [  2.   9.   6.  84.]] 
 F1 SCORE: 0.748482759948

27[[ 82.  11.  24.   4.]
 [  3.  88.   4.   7.]
 [ 22.  10.  69.   6.]
 [  2.   9.   6.  84.]] 
 F1 SCORE: 0.75046737593

28[[ 86.   6.  25.   4.]
 [  4.  84.   9.   5.]
 [ 23.   8.  75.   1.]
 [  2.   8.   6.  85.]] 
 F1 SCORE: 0.769882120366

29[[ 80.   4.  33.   4.]
 [  3.  84.  10.   5.]
 [ 15.   9.  81.   2.]
 [  2.   8.   6.  85.]] 
 F1 SCORE: 0.770516142396

3[[ 81.  14.  17.   9.]
 [ 13.  67.   7.  15.]
 [ 55.  12.  30.  10.]
 [ 16.  12.  11.  62.]] 
 F1 SCORE: 0.548013848818

30[[ 82.  12.  23.   4.]
 [  2.  89.   6.   5.]
 [ 20.  10.  75.   2.]
 [  2.   9.   6.  84.]] 
 F1 SCORE: 0.768163964732

31[[ 86.   6.  25.   4.]
 [  2.  86.   8.   6.]
 [ 20.   9.  76.   2.]
 [  2.   8.   7.  84.]] 
 F1 SCORE: 0.773540212329

32[[ 87.   1.  30.   3.]
 [  5.  82.  10.   5.]
 [ 19.   8.  79.   1.]
 [  2.   8.   7.  84.]] 
 F1 SCORE: 0.775900277756

33[[ 85.   7.  25.   4.]
 [  3.  87.   4.   8.]
 [ 19.   9.  77.   2.]
 [  2.   8.   3.  88.]] 
 F1 SCORE: 0.783997470022

34[[ 85.  10.  22.   4.]
 [  3.  88.   5.   6.]
 [ 21.   9.  75.   2.]
 [  2.   9.   6.  84.]] 
 F1 SCORE: 0.772641091752

35[[ 82.   6.  29.   4.]
 [  4.  85.   6.   7.]
 [ 16.   8.  80.   3.]
 [  2.   8.   5.  86.]] 
 F1 SCORE: 0.775713306522

36[[ 89.   5.  23.   4.]
 [  3.  87.   6.   6.]
 [ 24.   8.  73.   2.]
 [  2.   9.   7.  83.]] 
 F1 SCORE: 0.773069781419

37[[ 87.   7.  23.   4.]
 [  3.  87.   6.   6.]
 [ 18.   9.  78.   2.]
 [  2.   8.   6.  85.]] 
 F1 SCORE: 0.784456232344

38[[ 90.  10.  19.   2.]
 [  3.  91.   4.   4.]
 [ 28.   9.  68.   2.]
 [  2.  12.   6.  81.]] 
 F1 SCORE: 0.767375790912

39[[ 86.   6.  26.   3.]
 [  4.  86.   5.   7.]
 [ 18.   7.  80.   2.]
 [  2.   8.   5.  86.]] 
 F1 SCORE: 0.787341412261

4[[ 92.   9.  12.   8.]
 [ 11.  69.   7.  15.]
 [ 63.   9.  24.  11.]
 [  9.  13.  12.  67.]] 
 F1 SCORE: 0.566113142846

40[[ 82.   6.  30.   3.]
 [  4.  86.   5.   7.]
 [ 17.   6.  82.   2.]
 [  2.   8.   6.  85.]] 
 F1 SCORE: 0.781054032646

41[[ 92.   8.  18.   3.]
 [  5.  88.   3.   6.]
 [ 28.  10.  67.   2.]
 [  2.   9.   6.  84.]] 
 F1 SCORE: 0.769201228879

42[[ 91.   9.  17.   4.]
 [  5.  89.   2.   6.]
 [ 26.   9.  70.   2.]
 [  3.  11.   4.  83.]] 
 F1 SCORE: 0.773966770744

43[[ 87.   9.  21.   4.]
 [  3.  90.   3.   6.]
 [ 21.  11.  73.   2.]
 [  2.  11.   5.  83.]] 
 F1 SCORE: 0.774067000073

44[[ 99.   4.  15.   3.]
 [  6.  87.   3.   6.]
 [ 34.   7.  64.   2.]
 [  4.  10.   7.  80.]] 
 F1 SCORE: 0.766241496599

45[[ 86.   6.  26.   3.]
 [  4.  89.   2.   7.]
 [ 20.   9.  76.   2.]
 [  2.   8.   4.  87.]] 
 F1 SCORE: 0.786737467503

46[[ 83.   8.  26.   4.]
 [  3.  90.   3.   6.]
 [ 17.  10.  78.   2.]
 [  2.  10.   4.  85.]] 
 F1 SCORE: 0.781719320345

47[[ 85.   8.  24.   4.]
 [  4.  89.   3.   6.]
 [ 21.   9.  75.   2.]
 [  3.  10.   4.  84.]] 
 F1 SCORE: 0.775006679562

48[[ 89.   8.  21.   3.]
 [  4.  89.   3.   6.]
 [ 21.  10.  73.   3.]
 [  2.  10.   4.  85.]] 
 F1 SCORE: 0.781087293989

49[[ 92.   8.  18.   3.]
 [  4.  90.   2.   6.]
 [ 30.  11.  64.   2.]
 [  3.  10.   3.  85.]] 
 F1 SCORE: 0.76830440372

5[[ 91.  12.  14.   4.]
 [  4.  77.   8.  13.]
 [ 61.  13.  21.  12.]
 [  5.  12.   6.  78.]] 
 F1 SCORE: 0.594395950779

50[[ 90.   6.  22.   3.]
 [  4.  87.   4.   7.]
 [ 26.   7.  72.   2.]
 [  3.   9.   4.  85.]] 
 F1 SCORE: 0.777482635423

51[[ 86.   7.  25.   3.]
 [  4.  87.   4.   7.]
 [ 17.   7.  81.   2.]
 [  2.   8.   5.  86.]] 
 F1 SCORE: 0.791630493622

52[[ 85.  12.  21.   3.]
 [  4.  89.   3.   6.]
 [ 19.   8.  78.   2.]
 [  2.  11.   6.  82.]] 
 F1 SCORE: 0.777168689456

53[[ 85.   3.  30.   3.]
 [  4.  86.   5.   7.]
 [ 17.   7.  81.   2.]
 [  2.   8.   6.  85.]] 
 F1 SCORE: 0.785829743571

54[[ 86.  11.  21.   3.]
 [  4.  88.   3.   7.]
 [ 19.   8.  77.   3.]
 [  2.   9.   5.  85.]] 
 F1 SCORE: 0.781498702876

55[[ 96.   6.  16.   3.]
 [  5.  87.   3.   7.]
 [ 36.   7.  62.   2.]
 [  4.   8.   5.  84.]] 
 F1 SCORE: 0.764168695214

56[[ 82.   5.  30.   4.]
 [  3.  86.   6.   7.]
 [ 15.   5.  85.   2.]
 [  2.   8.   6.  85.]] 
 F1 SCORE: 0.78778613714

57[[ 93.   7.  18.   3.]
 [  6.  85.   4.   7.]
 [ 36.   7.  62.   2.]
 [  3.  10.   4.  84.]] 
 F1 SCORE: 0.753130809002

58[[ 88.   7.  23.   3.]
 [  5.  85.   5.   7.]
 [ 22.   6.  77.   2.]
 [  2.   9.   6.  84.]] 
 F1 SCORE: 0.778026706007

59[[ 94.   7.  18.   2.]
 [  4.  87.   4.   7.]
 [ 29.   8.  68.   2.]
 [  3.  10.   5.  83.]] 
 F1 SCORE: 0.771659368557

6[[ 87.  12.  18.   4.]
 [  3.  79.   6.  14.]
 [ 55.  12.  28.  12.]
 [  4.  14.   6.  77.]] 
 F1 SCORE: 0.611421046609

60[[ 84.   8.  28.   1.]
 [  5.  89.   4.   4.]
 [ 18.   8.  79.   2.]
 [  2.  12.   7.  80.]] 
 F1 SCORE: 0.774126555687

61[[ 91.   6.  21.   3.]
 [  6.  83.   6.   7.]
 [ 25.   6.  74.   2.]
 [  3.  10.   5.  83.]] 
 F1 SCORE: 0.770886055446

62[[ 88.   6.  23.   4.]
 [  7.  84.   4.   7.]
 [ 25.   8.  72.   2.]
 [  4.   8.   3.  86.]] 
 F1 SCORE: 0.768763717486

63[[ 88.   6.  24.   3.]
 [  5.  86.   4.   7.]
 [ 28.   6.  71.   2.]
 [  3.  10.   5.  83.]] 
 F1 SCORE: 0.764334880872

64[[ 83.   6.  29.   3.]
 [  4.  86.   5.   7.]
 [ 21.   6.  78.   2.]
 [  3.   9.   5.  84.]] 
 F1 SCORE: 0.771926049539

65[[ 91.   7.  20.   3.]
 [  5.  87.   4.   6.]
 [ 27.   7.  71.   2.]
 [  3.   9.   3.  86.]] 
 F1 SCORE: 0.77974165444

66[[ 90.   5.  24.   2.]
 [  6.  87.   5.   4.]
 [ 27.   7.  71.   2.]
 [  4.  10.   5.  82.]] 
 F1 SCORE: 0.769725266397

67[[ 88.   4.  25.   4.]
 [  6.  84.   5.   7.]
 [ 24.   4.  77.   2.]
 [  3.   8.   6.  84.]] 
 F1 SCORE: 0.776860186019

68[[ 72.   5.  40.   4.]
 [  3.  85.   7.   7.]
 [ 15.   5.  85.   2.]
 [  2.   9.   6.  84.]] 
 F1 SCORE: 0.760915363995

69[[ 86.   7.  23.   5.]
 [  4.  87.   4.   7.]
 [ 22.   7.  76.   2.]
 [  3.   8.   6.  84.]] 
 F1 SCORE: 0.775345729579

7[[ 81.   9.  24.   7.]
 [  3.  77.   7.  15.]
 [ 51.  11.  35.  10.]
 [  4.  11.   7.  79.]] 
 F1 SCORE: 0.622645541042

70[[ 87.  10.  20.   4.]
 [  4.  88.   4.   6.]
 [ 27.   8.  70.   2.]
 [  2.   9.   4.  86.]] 
 F1 SCORE: 0.770075011597

71[[ 83.   5.  28.   5.]
 [  3.  85.   7.   7.]
 [ 21.   5.  79.   2.]
 [  2.   8.   4.  87.]] 
 F1 SCORE: 0.778653945988

72[[ 88.   7.  23.   3.]
 [  4.  88.   4.   6.]
 [ 28.   7.  70.   2.]
 [  2.   9.   5.  85.]] 
 F1 SCORE: 0.770842884242

73[[ 90.   7.  22.   2.]
 [  4.  86.   6.   6.]
 [ 31.   6.  68.   2.]
 [  2.   9.   6.  84.]] 
 F1 SCORE: 0.764277558887

74[[ 80.   7.  32.   2.]
 [  4.  86.   6.   6.]
 [ 21.   6.  78.   2.]
 [  2.   9.   6.  84.]] 
 F1 SCORE: 0.765890793494

75[[ 87.   7.  23.   4.]
 [  4.  87.   5.   6.]
 [ 25.   9.  71.   2.]
 [  2.   8.   5.  86.]] 
 F1 SCORE: 0.770560567821

76[[ 96.   8.  14.   3.]
 [  6.  87.   2.   7.]
 [ 34.   9.  62.   2.]
 [  3.   9.   4.  85.]] 
 F1 SCORE: 0.765608594678

77[[ 87.   6.  26.   2.]
 [  6.  85.   5.   6.]
 [ 26.   5.  74.   2.]
 [  3.   8.   4.  86.]] 
 F1 SCORE: 0.774893433262

78[[ 85.   6.  28.   2.]
 [  4.  85.   7.   6.]
 [ 20.   4.  81.   2.]
 [  2.   9.   5.  85.]] 
 F1 SCORE: 0.783968648425

79[[ 83.   6.  30.   2.]
 [  4.  86.   6.   6.]
 [ 21.   5.  79.   2.]
 [  2.   8.   5.  86.]] 
 F1 SCORE: 0.779666070501

8[[ 80.   9.  23.   9.]
 [  3.  79.   6.  14.]
 [ 50.  10.  38.   9.]
 [  3.  12.   7.  79.]] 
 F1 SCORE: 0.633255908471

80[[ 87.   6.  25.   3.]
 [  5.  85.   5.   7.]
 [ 25.   7.  73.   2.]
 [  2.   8.   5.  86.]] 
 F1 SCORE: 0.771424766947

9[[ 79.  10.  24.   8.]
 [  3.  79.   8.  12.]
 [ 48.   9.  41.   9.]
 [  3.  12.   9.  77.]] 
 F1 SCORE: 0.63628851237

