None 0.497318207477
1 0.497318207477
None 0.713020722913
10 0.713020722913
None 0.714833265364
11 0.714833265364
None 0.714894625185
12 0.714894625185
None 0.723131325021
13 0.723131325021
None 0.710345915214
14 0.710345915214
None 0.71516139688
15 0.71516139688
None 0.725775159843
16 0.725775159843
None 0.717047353285
17 0.717047353285
None 0.7222432171
18 0.7222432171
None 0.717738455799
19 0.717738455799
None 0.615622980869
2 0.615622980869
None 0.708270778771
20 0.708270778771
None 0.702863543769
21 0.702863543769
None 0.724733042127
22 0.724733042127
None 0.700966902979
23 0.700966902979
None 0.708364370881
24 0.708364370881
None 0.69880273137
25 0.69880273137
None 0.717602115425
26 0.717602115425
None 0.703217838583
27 0.703217838583
None 0.660574582007
3 0.660574582007
None 0.675540014124
4 0.675540014124
None 0.702776373657
5 0.702776373657
None 0.688709613176
6 0.688709613176
None 0.703005212584
7 0.703005212584
None 0.722636992415
8 0.722636992415
None 0.722730162893
9 0.722730162893
None 0.670945750905
None 0.74257415846
None 0.740351586134
None 0.710466414242
None 0.711452702497
None 0.549008121552
None 0.720519381897
None 0.809660730581
None 0.798480975764
