1.000000000000000000e+00 6.768642447419999542e+01
1.000000000000000000e+01 7.380497131929999455e+01
1.000000000000000000e+02 7.323135755260000224e+01
1.000000000000000000e+03 7.399617590820000146e+01
1.003000000000000000e+03 7.380497131929999455e+01
1.006000000000000000e+03 7.418738049709999416e+01
1.009000000000000000e+03 7.380497131929999455e+01
1.012000000000000000e+03 7.342256214149999494e+01
1.030000000000000000e+02 7.342256214149999494e+01
1.060000000000000000e+02 7.399617590820000146e+01
1.090000000000000000e+02 7.399617590820000146e+01
1.120000000000000000e+02 7.361376673040000185e+01
1.150000000000000000e+02 7.323135755260000224e+01
1.180000000000000000e+02 7.323135755260000224e+01
1.210000000000000000e+02 7.399617590820000146e+01
1.240000000000000000e+02 7.380497131929999455e+01
1.270000000000000000e+02 7.380497131929999455e+01
1.300000000000000000e+01 7.361376673040000185e+01
1.300000000000000000e+02 7.418738049709999416e+01
1.330000000000000000e+02 7.399617590820000146e+01
1.360000000000000000e+02 7.418738049709999416e+01
1.390000000000000000e+02 7.437858508600000107e+01
1.420000000000000000e+02 7.456978967499999555e+01
1.450000000000000000e+02 7.437858508600000107e+01
1.480000000000000000e+02 7.399617590820000146e+01
1.510000000000000000e+02 7.304015296369999533e+01
1.540000000000000000e+02 7.380497131929999455e+01
1.570000000000000000e+02 7.361376673040000185e+01
1.600000000000000000e+01 7.093690248570000279e+01
1.600000000000000000e+02 7.361376673040000185e+01
1.630000000000000000e+02 7.418738049709999416e+01
1.660000000000000000e+02 7.323135755260000224e+01
1.690000000000000000e+02 7.284894837480000263e+01
1.720000000000000000e+02 7.399617590820000146e+01
1.750000000000000000e+02 7.361376673040000185e+01
1.780000000000000000e+02 7.380497131929999455e+01
1.810000000000000000e+02 7.342256214149999494e+01
1.840000000000000000e+02 7.304015296369999533e+01
1.870000000000000000e+02 7.284894837480000263e+01
1.900000000000000000e+01 7.227533460799999432e+01
1.900000000000000000e+02 7.418738049709999416e+01
1.930000000000000000e+02 7.342256214149999494e+01
1.960000000000000000e+02 7.304015296369999533e+01
1.990000000000000000e+02 7.342256214149999494e+01
2.020000000000000000e+02 7.361376673040000185e+01
2.050000000000000000e+02 7.380497131929999455e+01
2.080000000000000000e+02 7.284894837480000263e+01
2.110000000000000000e+02 7.361376673040000185e+01
2.140000000000000000e+02 7.361376673040000185e+01
2.170000000000000000e+02 7.342256214149999494e+01
2.200000000000000000e+01 7.246653919690000123e+01
2.200000000000000000e+02 7.284894837480000263e+01
2.230000000000000000e+02 7.323135755260000224e+01
2.260000000000000000e+02 7.380497131929999455e+01
2.290000000000000000e+02 7.342256214149999494e+01
2.320000000000000000e+02 7.380497131929999455e+01
2.350000000000000000e+02 7.380497131929999455e+01
2.380000000000000000e+02 7.399617590820000146e+01
2.410000000000000000e+02 7.342256214149999494e+01
2.440000000000000000e+02 7.284894837480000263e+01
2.470000000000000000e+02 7.342256214149999494e+01
2.500000000000000000e+01 7.227533460799999432e+01
2.500000000000000000e+02 7.380497131929999455e+01
2.530000000000000000e+02 7.418738049709999416e+01
2.560000000000000000e+02 7.361376673040000185e+01
2.590000000000000000e+02 7.323135755260000224e+01
2.620000000000000000e+02 7.361376673040000185e+01
2.650000000000000000e+02 7.361376673040000185e+01
2.680000000000000000e+02 7.342256214149999494e+01
2.710000000000000000e+02 7.380497131929999455e+01
2.740000000000000000e+02 7.418738049709999416e+01
2.770000000000000000e+02 7.437858508600000107e+01
2.800000000000000000e+01 7.418738049709999416e+01
2.800000000000000000e+02 7.342256214149999494e+01
2.830000000000000000e+02 7.418738049709999416e+01
2.860000000000000000e+02 7.476099426390000247e+01
2.890000000000000000e+02 7.533460803059999478e+01
2.920000000000000000e+02 7.476099426390000247e+01
2.950000000000000000e+02 7.476099426390000247e+01
2.980000000000000000e+02 7.418738049709999416e+01
3.010000000000000000e+02 7.437858508600000107e+01
3.040000000000000000e+02 7.284894837480000263e+01
3.070000000000000000e+02 7.399617590820000146e+01
3.100000000000000000e+01 7.227533460799999432e+01
3.100000000000000000e+02 7.399617590820000146e+01
3.130000000000000000e+02 7.437858508600000107e+01
3.160000000000000000e+02 7.399617590820000146e+01
3.190000000000000000e+02 7.399617590820000146e+01
3.220000000000000000e+02 7.418738049709999416e+01
3.250000000000000000e+02 7.380497131929999455e+01
3.280000000000000000e+02 7.418738049709999416e+01
3.310000000000000000e+02 7.399617590820000146e+01
3.340000000000000000e+02 7.418738049709999416e+01
3.370000000000000000e+02 7.399617590820000146e+01
3.400000000000000000e+01 7.208413001910000162e+01
3.400000000000000000e+02 7.399617590820000146e+01
3.430000000000000000e+02 7.361376673040000185e+01
3.460000000000000000e+02 7.476099426390000247e+01
3.490000000000000000e+02 7.495219885279999517e+01
3.520000000000000000e+02 7.456978967499999555e+01
3.550000000000000000e+02 7.456978967499999555e+01
3.580000000000000000e+02 7.418738049709999416e+01
3.610000000000000000e+02 7.456978967499999555e+01
3.640000000000000000e+02 7.418738049709999416e+01
3.670000000000000000e+02 7.399617590820000146e+01
3.700000000000000000e+01 7.284894837480000263e+01
3.700000000000000000e+02 7.418738049709999416e+01
3.730000000000000000e+02 7.437858508600000107e+01
3.760000000000000000e+02 7.456978967499999555e+01
3.790000000000000000e+02 7.476099426390000247e+01
3.820000000000000000e+02 7.361376673040000185e+01
3.850000000000000000e+02 7.380497131929999455e+01
3.880000000000000000e+02 7.399617590820000146e+01
3.910000000000000000e+02 7.418738049709999416e+01
3.940000000000000000e+02 7.418738049709999416e+01
3.970000000000000000e+02 7.418738049709999416e+01
4.000000000000000000e+00 7.418738049709999416e+01
4.000000000000000000e+01 7.380497131929999455e+01
4.000000000000000000e+02 7.456978967499999555e+01
4.030000000000000000e+02 7.456978967499999555e+01
4.060000000000000000e+02 7.437858508600000107e+01
4.090000000000000000e+02 7.399617590820000146e+01
4.120000000000000000e+02 7.418738049709999416e+01
4.150000000000000000e+02 7.495219885279999517e+01
4.180000000000000000e+02 7.495219885279999517e+01
4.210000000000000000e+02 7.456978967499999555e+01
4.240000000000000000e+02 7.476099426390000247e+01
4.270000000000000000e+02 7.456978967499999555e+01
4.300000000000000000e+01 7.342256214149999494e+01
4.300000000000000000e+02 7.380497131929999455e+01
4.330000000000000000e+02 7.418738049709999416e+01
4.360000000000000000e+02 7.399617590820000146e+01
4.390000000000000000e+02 7.399617590820000146e+01
4.420000000000000000e+02 7.437858508600000107e+01
4.450000000000000000e+02 7.418738049709999416e+01
4.480000000000000000e+02 7.399617590820000146e+01
4.510000000000000000e+02 7.361376673040000185e+01
4.540000000000000000e+02 7.418738049709999416e+01
4.570000000000000000e+02 7.380497131929999455e+01
4.600000000000000000e+01 7.227533460799999432e+01
4.600000000000000000e+02 7.380497131929999455e+01
4.630000000000000000e+02 7.399617590820000146e+01
4.660000000000000000e+02 7.437858508600000107e+01
4.690000000000000000e+02 7.380497131929999455e+01
4.720000000000000000e+02 7.399617590820000146e+01
4.750000000000000000e+02 7.437858508600000107e+01
4.780000000000000000e+02 7.399617590820000146e+01
4.810000000000000000e+02 7.361376673040000185e+01
4.840000000000000000e+02 7.399617590820000146e+01
4.870000000000000000e+02 7.399617590820000146e+01
4.900000000000000000e+01 7.284894837480000263e+01
4.900000000000000000e+02 7.380497131929999455e+01
4.930000000000000000e+02 7.399617590820000146e+01
4.960000000000000000e+02 7.399617590820000146e+01
4.990000000000000000e+02 7.380497131929999455e+01
5.020000000000000000e+02 7.418738049709999416e+01
5.050000000000000000e+02 7.456978967499999555e+01
5.080000000000000000e+02 7.437858508600000107e+01
5.110000000000000000e+02 7.399617590820000146e+01
5.140000000000000000e+02 7.476099426390000247e+01
5.170000000000000000e+02 7.361376673040000185e+01
5.200000000000000000e+01 7.323135755260000224e+01
5.200000000000000000e+02 7.456978967499999555e+01
5.230000000000000000e+02 7.380497131929999455e+01
5.260000000000000000e+02 7.399617590820000146e+01
5.290000000000000000e+02 7.399617590820000146e+01
5.320000000000000000e+02 7.380497131929999455e+01
5.350000000000000000e+02 7.437858508600000107e+01
5.380000000000000000e+02 7.399617590820000146e+01
5.410000000000000000e+02 7.380497131929999455e+01
5.440000000000000000e+02 7.342256214149999494e+01
5.470000000000000000e+02 7.437858508600000107e+01
5.500000000000000000e+01 7.246653919690000123e+01
5.500000000000000000e+02 7.342256214149999494e+01
5.530000000000000000e+02 7.342256214149999494e+01
5.560000000000000000e+02 7.361376673040000185e+01
5.590000000000000000e+02 7.361376673040000185e+01
5.620000000000000000e+02 7.361376673040000185e+01
5.650000000000000000e+02 7.380497131929999455e+01
5.680000000000000000e+02 7.361376673040000185e+01
5.710000000000000000e+02 7.304015296369999533e+01
5.740000000000000000e+02 7.380497131929999455e+01
5.770000000000000000e+02 7.399617590820000146e+01
5.800000000000000000e+01 7.380497131929999455e+01
5.800000000000000000e+02 7.399617590820000146e+01
5.830000000000000000e+02 7.361376673040000185e+01
5.860000000000000000e+02 7.437858508600000107e+01
5.890000000000000000e+02 7.399617590820000146e+01
5.920000000000000000e+02 7.437858508600000107e+01
5.950000000000000000e+02 7.437858508600000107e+01
5.980000000000000000e+02 7.418738049709999416e+01
6.010000000000000000e+02 7.418738049709999416e+01
6.040000000000000000e+02 7.418738049709999416e+01
6.070000000000000000e+02 7.437858508600000107e+01
6.100000000000000000e+01 7.380497131929999455e+01
6.100000000000000000e+02 7.437858508600000107e+01
6.130000000000000000e+02 7.399617590820000146e+01
6.160000000000000000e+02 7.418738049709999416e+01
6.190000000000000000e+02 7.437858508600000107e+01
6.220000000000000000e+02 7.476099426390000247e+01
6.250000000000000000e+02 7.476099426390000247e+01
6.280000000000000000e+02 7.418738049709999416e+01
6.310000000000000000e+02 7.437858508600000107e+01
6.340000000000000000e+02 7.418738049709999416e+01
6.370000000000000000e+02 7.476099426390000247e+01
6.400000000000000000e+01 7.476099426390000247e+01
6.400000000000000000e+02 7.437858508600000107e+01
6.430000000000000000e+02 7.456978967499999555e+01
6.460000000000000000e+02 7.456978967499999555e+01
6.490000000000000000e+02 7.437858508600000107e+01
6.520000000000000000e+02 7.514340344170000208e+01
6.550000000000000000e+02 7.456978967499999555e+01
6.580000000000000000e+02 7.476099426390000247e+01
6.610000000000000000e+02 7.495219885279999517e+01
6.640000000000000000e+02 7.456978967499999555e+01
6.670000000000000000e+02 7.456978967499999555e+01
6.700000000000000000e+01 7.227533460799999432e+01
6.700000000000000000e+02 7.495219885279999517e+01
6.730000000000000000e+02 7.456978967499999555e+01
6.760000000000000000e+02 7.456978967499999555e+01
6.790000000000000000e+02 7.456978967499999555e+01
6.820000000000000000e+02 7.399617590820000146e+01
6.850000000000000000e+02 7.495219885279999517e+01
6.880000000000000000e+02 7.533460803059999478e+01
6.910000000000000000e+02 7.514340344170000208e+01
6.940000000000000000e+02 7.495219885279999517e+01
6.970000000000000000e+02 7.476099426390000247e+01
7.000000000000000000e+00 7.380497131929999455e+01
7.000000000000000000e+01 7.418738049709999416e+01
7.000000000000000000e+02 7.495219885279999517e+01
7.030000000000000000e+02 7.380497131929999455e+01
7.060000000000000000e+02 7.418738049709999416e+01
7.090000000000000000e+02 7.456978967499999555e+01
7.120000000000000000e+02 7.437858508600000107e+01
7.150000000000000000e+02 7.476099426390000247e+01
7.180000000000000000e+02 7.456978967499999555e+01
7.210000000000000000e+02 7.456978967499999555e+01
7.240000000000000000e+02 7.456978967499999555e+01
7.270000000000000000e+02 7.456978967499999555e+01
7.300000000000000000e+01 7.227533460799999432e+01
7.300000000000000000e+02 7.476099426390000247e+01
7.330000000000000000e+02 7.456978967499999555e+01
7.360000000000000000e+02 7.476099426390000247e+01
7.390000000000000000e+02 7.437858508600000107e+01
7.420000000000000000e+02 7.437858508600000107e+01
7.450000000000000000e+02 7.456978967499999555e+01
7.480000000000000000e+02 7.514340344170000208e+01
7.510000000000000000e+02 7.495219885279999517e+01
7.540000000000000000e+02 7.495219885279999517e+01
7.570000000000000000e+02 7.456978967499999555e+01
7.600000000000000000e+01 7.399617590820000146e+01
7.600000000000000000e+02 7.418738049709999416e+01
7.630000000000000000e+02 7.456978967499999555e+01
7.660000000000000000e+02 7.476099426390000247e+01
7.690000000000000000e+02 7.476099426390000247e+01
7.720000000000000000e+02 7.456978967499999555e+01
7.750000000000000000e+02 7.476099426390000247e+01
7.780000000000000000e+02 7.476099426390000247e+01
7.810000000000000000e+02 7.495219885279999517e+01
7.840000000000000000e+02 7.476099426390000247e+01
7.870000000000000000e+02 7.456978967499999555e+01
7.900000000000000000e+01 7.399617590820000146e+01
7.900000000000000000e+02 7.514340344170000208e+01
7.930000000000000000e+02 7.514340344170000208e+01
7.960000000000000000e+02 7.495219885279999517e+01
7.990000000000000000e+02 7.514340344170000208e+01
8.020000000000000000e+02 7.514340344170000208e+01
8.050000000000000000e+02 7.476099426390000247e+01
8.080000000000000000e+02 7.476099426390000247e+01
8.110000000000000000e+02 7.437858508600000107e+01
8.140000000000000000e+02 7.456978967499999555e+01
8.170000000000000000e+02 7.514340344170000208e+01
8.200000000000000000e+01 7.380497131929999455e+01
8.200000000000000000e+02 7.456978967499999555e+01
8.230000000000000000e+02 7.437858508600000107e+01
8.260000000000000000e+02 7.437858508600000107e+01
8.290000000000000000e+02 7.437858508600000107e+01
8.320000000000000000e+02 7.437858508600000107e+01
8.350000000000000000e+02 7.418738049709999416e+01
8.380000000000000000e+02 7.418738049709999416e+01
8.410000000000000000e+02 7.418738049709999416e+01
8.440000000000000000e+02 7.437858508600000107e+01
8.470000000000000000e+02 7.437858508600000107e+01
8.500000000000000000e+01 7.323135755260000224e+01
8.500000000000000000e+02 7.456978967499999555e+01
8.530000000000000000e+02 7.380497131929999455e+01
8.560000000000000000e+02 7.380497131929999455e+01
8.590000000000000000e+02 7.342256214149999494e+01
8.620000000000000000e+02 7.380497131929999455e+01
8.650000000000000000e+02 7.399617590820000146e+01
8.680000000000000000e+02 7.399617590820000146e+01
8.710000000000000000e+02 7.418738049709999416e+01
8.740000000000000000e+02 7.399617590820000146e+01
8.770000000000000000e+02 7.380497131929999455e+01
8.800000000000000000e+01 7.399617590820000146e+01
8.800000000000000000e+02 7.380497131929999455e+01
8.830000000000000000e+02 7.399617590820000146e+01
8.860000000000000000e+02 7.380497131929999455e+01
8.890000000000000000e+02 7.399617590820000146e+01
8.920000000000000000e+02 7.399617590820000146e+01
8.950000000000000000e+02 7.418738049709999416e+01
8.980000000000000000e+02 7.456978967499999555e+01
9.010000000000000000e+02 7.418738049709999416e+01
9.040000000000000000e+02 7.418738049709999416e+01
9.070000000000000000e+02 7.418738049709999416e+01
9.100000000000000000e+01 7.380497131929999455e+01
9.100000000000000000e+02 7.418738049709999416e+01
9.130000000000000000e+02 7.418738049709999416e+01
9.160000000000000000e+02 7.418738049709999416e+01
9.190000000000000000e+02 7.437858508600000107e+01
9.220000000000000000e+02 7.437858508600000107e+01
9.250000000000000000e+02 7.418738049709999416e+01
9.280000000000000000e+02 7.418738049709999416e+01
9.310000000000000000e+02 7.418738049709999416e+01
9.340000000000000000e+02 7.418738049709999416e+01
9.370000000000000000e+02 7.418738049709999416e+01
9.400000000000000000e+01 7.284894837480000263e+01
9.400000000000000000e+02 7.399617590820000146e+01
9.430000000000000000e+02 7.437858508600000107e+01
9.460000000000000000e+02 7.437858508600000107e+01
9.490000000000000000e+02 7.418738049709999416e+01
9.520000000000000000e+02 7.399617590820000146e+01
9.550000000000000000e+02 7.399617590820000146e+01
9.580000000000000000e+02 7.380497131929999455e+01
9.610000000000000000e+02 7.399617590820000146e+01
9.640000000000000000e+02 7.399617590820000146e+01
9.670000000000000000e+02 7.418738049709999416e+01
9.700000000000000000e+01 7.342256214149999494e+01
9.700000000000000000e+02 7.456978967499999555e+01
9.730000000000000000e+02 7.437858508600000107e+01
9.760000000000000000e+02 7.418738049709999416e+01
9.790000000000000000e+02 7.380497131929999455e+01
9.820000000000000000e+02 7.380497131929999455e+01
9.850000000000000000e+02 7.380497131929999455e+01
9.880000000000000000e+02 7.380497131929999455e+01
9.910000000000000000e+02 7.399617590820000146e+01
9.940000000000000000e+02 7.380497131929999455e+01
9.970000000000000000e+02 7.437858508600000107e+01
