1 43.8515081206
10 63.8051044084
11 64.9651972158
12 66.1252900232
13 67.0533642691
14 65.8932714617
15 68.909512761
16 68.909512761
17 68.909512761
18 70.5336426914
19 70.5336426914
2 49.4199535963
20 70.7656612529
21 71.9257540603
22 72.1577726218
23 73.0858468677
24 72.6218097448
25 73.7819025522
26 74.4779582367
27 74.9419953596
28 76.56612529
29 76.56612529
3 55.6844547564
30 76.56612529
31 77.030162413
32 77.030162413
33 78.1902552204
34 77.030162413
35 77.2621809745
36 77.030162413
37 78.1902552204
38 76.56612529
39 78.4222737819
4 58.4686774942
40 77.7262180974
41 76.7981438515
42 77.2621809745
43 77.2621809745
44 76.56612529
45 78.4222737819
46 77.9582366589
47 77.2621809745
48 77.9582366589
49 76.7981438515
5 61.9489559165
50 77.494199536
51 78.8863109049
52 77.494199536
53 78.1902552204
54 77.9582366589
55 76.3341067285
56 78.4222737819
57 75.1740139211
58 77.494199536
59 77.030162413
6 62.8770301624
60 77.030162413
61 76.7981438515
62 76.56612529
63 76.1020881671
64 76.7981438515
65 77.7262180974
66 76.56612529
67 77.2621809745
68 75.6380510441
69 77.2621809745
7 63.1090487239
70 76.7981438515
71 77.494199536
72 76.7981438515
73 76.1020881671
74 76.1020881671
75 76.7981438515
76 76.56612529
77 77.030162413
78 77.9582366589
79 77.494199536
8 64.0371229698
80 76.7981438515
9 64.0371229698
