


1 80.303030303
2 83.3333333333
3 85.858585858567
4 85.690235690233
5 87.8787878788
6 88.047138047133
7 88.383838383833
8 88.383838383833
9 88.5521885522
10 88.8888888889
11 89.057239057233
12 89.393939393933
13 89.898989898967
14 90.235690235667
15 90.404040404
16 89.7306397306
17 89.3939393939
18 89.0572390572
19 89.225589225567
20 89.057239057233
21 89.057239057233
22 89.057239057233
23 89.225589225567
24 88.888888888867
25 88.888888888867
26 88.720538720533
27 89.057239057233
28 89.057239057233
29 89.057239057233
30 88.8888888889


1 79.2929292929
2 81.818181818167
3 84.006734006733
4 84.8484848485
5 85.353535353533
6 85.353535353533
7 85.353535353533
8 85.353535353533
9 85.353535353533
10 85.690235690233
11 85.8585858586
12 85.690235690233
13 85.521885521867
14 85.521885521867
15 85.690235690233
16 85.8585858586
17 85.690235690233
18 85.521885521867
19 85.521885521867
20 85.521885521867
21 85.521885521867
22 85.6902356902
23 85.858585858567
24 86.026936026933
25 86.026936026933
26 86.026936026933
27 86.195286195267
28 86.195286195267
29 85.858585858567
30 85.521885521867
31 85.185185185167
32 85.3535353535
33 85.6902356902
34 85.858585858567
35 86.026936026933
36 86.1952861953
37 86.363636363633
38 86.531986531967
39 86.3636363636
40 86.3636363636


1 81.8181818182
2 84.680134680133
3 85.690235690233
4 85.858585858567
5 84.848484848467
6 85.0168350168
7 84.848484848467
8 84.848484848467
9 84.511784511767
10 84.175084175067
11 84.175084175067
12 84.006734006733
13 84.175084175067
14 84.175084175067
15 84.3434343434
16 84.3434343434
17 84.511784511767
18 84.511784511767
19 84.511784511767
20 84.3434343434
21 84.3434343434
22 84.3434343434
23 84.511784511767
24 84.680134680133
25 84.8484848485
26 84.8484848485
27 84.680134680133
28 84.511784511767
29 84.3434343434
30 84.175084175067
31 84.343434343433
32 84.343434343433
33 84.511784511767
34 84.3434343434
35 84.511784511767
36 84.680134680133
37 84.8484848485
38 84.8484848485
39 84.8484848485
40 84.8484848485


1 79.797979798
2 82.659932659933
3 84.343434343433
4 85.016835016833
5 85.5218855219
6 85.8585858586
7 85.690235690233
8 86.363636363633
9 86.531986531967
10 87.205387205367
11 87.037037037
12 87.3737373737
13 87.205387205367
14 87.037037037033
15 86.8686868687
16 86.700336700333
17 86.868686868667
18 87.037037037
19 87.037037037
20 87.037037037
21 86.868686868667
22 87.037037037033
23 86.8686868687
24 86.8686868687
25 86.8686868687
26 87.037037037033
27 87.037037037033
28 87.037037037033
29 86.8686868687
30 87.037037037033
31 87.542087542067
32 88.215488215467
33 88.720538720533
34 88.8888888889
35 88.720538720533
36 88.383838383833
37 88.047138047133
38 87.8787878788
39 87.8787878788
40 87.8787878788


1 79.797979798
2 81.649831649833
3 82.659932659933
4 83.838383838367
5 83.670033670033
6 84.511784511767
7 85.185185185167
8 85.3535353535
9 85.858585858567
10 86.195286195267
11 86.195286195267
12 85.858585858567
13 85.353535353533
14 85.5218855219
15 85.1851851852
16 85.016835016833
17 85.016835016833
18 85.185185185167
19 85.353535353533
20 85.016835016833
21 85.016835016833
22 85.353535353533
23 85.521885521867
24 85.353535353533
25 85.185185185167
26 84.848484848467
27 84.6801346801
28 84.175084175067
29 84.175084175067
30 84.343434343433
31 84.511784511767
32 84.511784511767
33 84.175084175067
34 84.343434343433
35 84.1750841751
36 84.5117845118
37 84.5117845118
38 84.5117845118
39 84.343434343433
40 84.3434343434


1 78.2828282828
2 80.471380471367
3 81.818181818167
4 82.491582491567
5 82.3232323232
6 82.3232323232
7 81.818181818167
8 81.481481481467
9 81.313131313133
10 81.649831649833
11 81.8181818182
12 81.8181818182
13 81.986531986533
14 81.986531986533
15 81.986531986533
16 81.649831649833
17 81.481481481467
18 81.3131313131
19 81.3131313131
20 81.3131313131
21 81.3131313131
22 81.144781144767
23 80.976430976433
24 80.976430976433
25 80.976430976433
26 80.976430976433
27 80.8080808081
28 80.8080808081
29 80.8080808081
30 80.8080808081
31 80.8080808081
32 80.8080808081
33 81.4814814815
34 81.313131313133
35 81.313131313133
36 80.639730639733
37 80.8080808081
38 80.8080808081
39 80.8080808081
40 80.8080808081


1 78.7878787879
2 82.4915824916
3 84.680134680133
4 85.185185185167
5 85.6902356902
6 85.858585858567
7 85.690235690233
8 85.353535353533
9 85.353535353533
10 85.521885521867
11 85.690235690233
12 85.690235690233
13 86.026936026933
14 86.026936026933
15 86.363636363633
16 86.363636363633
17 86.531986531967
18 86.531986531967
19 86.531986531967
20 86.531986531967
21 86.195286195267
22 86.195286195267
23 86.195286195267
24 86.531986531967
25 86.531986531967
26 86.363636363633
27 86.026936026933
28 85.8585858586
29 85.8585858586
30 85.8585858586
31 85.8585858586
32 86.026936026933
33 86.195286195267
34 86.3636363636
35 86.195286195267
36 86.026936026933
37 85.8585858586
38 85.8585858586
39 86.026936026933
40 86.3636363636


1 74.7474747475
2 79.292929292933
3 82.323232323233
4 84.1750841751
5 85.1851851852
6 85.5218855219
7 85.5218855219
8 85.8585858586
9 86.026936026933
10 86.026936026933
11 85.858585858567
12 86.195286195267
13 86.3636363636
14 86.531986531967
15 86.531986531967
16 86.363636363633
17 85.858585858567
18 85.353535353533
19 85.353535353533
20 85.5218855219
21 85.8585858586
22 86.026936026933
23 86.195286195267
24 86.0269360269
25 85.858585858567
26 85.858585858567
27 86.195286195267
28 86.3636363636
29 86.3636363636
30 86.3636363636
31 86.3636363636
32 86.3636363636
33 86.3636363636
34 86.3636363636
35 86.195286195267
36 86.195286195267
37 86.195286195267
38 86.3636363636
39 86.3636363636
40 86.3636363636


1 79.797979798
2 81.818181818167
3 83.838383838367
4 84.511784511767
5 85.016835016833
6 84.511784511767
7 84.680134680133
8 84.680134680133
9 85.016835016833
10 85.016835016833
11 85.016835016833
12 84.680134680133
13 84.511784511767
14 84.3434343434
15 84.3434343434
16 84.3434343434
17 84.175084175067
18 84.343434343433
19 84.5117845118
20 84.8484848485
21 85.016835016833
22 85.185185185167
23 85.185185185167
24 85.016835016833
25 84.680134680133
26 84.848484848467
27 85.0168350168
28 85.185185185167
29 85.016835016833
30 84.8484848485
31 84.8484848485
32 84.8484848485
33 84.8484848485
34 84.8484848485
35 84.8484848485
36 84.680134680133
37 84.680134680133
38 84.680134680133
39 84.680134680133
40 84.3434343434


1 72.2222222222
2 77.777777777767
3 81.481481481467
4 81.986531986533
5 81.818181818167
6 80.976430976433
7 80.808080808067
8 81.144781144767
9 81.481481481467
10 81.649831649833
11 81.8181818182
12 81.8181818182
13 81.649831649833
14 81.649831649833
15 81.481481481467
16 81.649831649833
17 81.481481481467
18 81.481481481467
19 81.3131313131
20 81.3131313131
21 81.3131313131
22 81.3131313131
23 81.144781144767
24 81.144781144767
25 81.481481481467
26 81.818181818167
27 82.154882154867
28 82.154882154867
29 82.3232323232
30 82.3232323232
31 82.3232323232
32 82.154882154867
33 81.986531986533
34 82.323232323233
35 82.491582491567
36 82.6599326599
37 82.3232323232
38 82.3232323232
39 82.3232323232
40 82.3232323232


1 75.7575757576
2 78.956228956233
3 80.639730639733
4 80.1346801347
5 79.4612794613
6 78.7878787879
7 79.292929292933
8 79.797979797967
9 79.9663299663
10 80.134680134667
11 79.966329966333
12 80.4713804714
13 80.4713804714
14 80.8080808081
15 80.8080808081
16 80.8080808081
17 80.8080808081
18 80.8080808081
19 80.8080808081
20 80.8080808081
21 80.8080808081
22 80.8080808081
23 80.8080808081
24 81.1447811448
25 81.4814814815
26 81.649831649833
27 81.481481481467
28 81.144781144767
29 80.976430976433
30 80.8080808081
31 80.8080808081
32 80.8080808081
33 80.8080808081
34 80.976430976433
35 81.144781144767
36 81.3131313131
37 81.481481481467
38 81.649831649833
39 81.8181818182
40 81.8181818182


1 81.8181818182
2 83.333333333333
3 84.006734006733
4 84.5117845118
5 84.8484848485
6 85.016835016833
7 84.343434343433
8 84.175084175067
9 84.343434343433
10 84.511784511767
11 84.511784511767
12 84.3434343434
13 84.3434343434
14 84.3434343434
15 84.3434343434
16 84.3434343434
17 84.3434343434
18 84.3434343434
19 84.0067340067
20 84.0067340067
21 84.0067340067
22 84.3434343434
23 84.175084175067
24 84.006734006733
25 84.006734006733
26 84.175084175067
27 84.3434343434
28 84.3434343434
29 84.3434343434
30 84.3434343434
31 84.3434343434
32 84.175084175067
33 84.175084175067
34 84.175084175067
35 84.3434343434
36 84.3434343434
37 84.3434343434
38 84.3434343434
39 84.3434343434
40 84.3434343434


1 89.3939393939
2 90.067340067333
3 89.898989899
4 89.2255892256
5 89.2255892256
6 89.5622895623
7 89.730639730633
8 89.562289562267
9 89.3939393939
10 89.3939393939
11 89.3939393939
12 89.3939393939
13 89.3939393939
14 89.3939393939
15 89.562289562267
16 89.562289562267
17 89.562289562267
18 89.562289562267
19 89.562289562267
20 89.562289562267
21 89.562289562267
22 89.562289562267
23 89.562289562267
24 89.3939393939
25 89.3939393939
26 89.3939393939
27 89.3939393939
28 89.3939393939
29 89.3939393939
30 89.3939393939
31 89.7306397306
32 89.898989898967
33 89.898989898967
34 89.562289562267
35 89.3939393939
36 89.562289562267
37 89.730639730633
38 89.898989899
39 89.898989899
40 89.898989899


1 89.3939393939
2 91.0774410774
3 91.919191919167
4 92.087542087533
5 92.424242424233
6 92.760942760933
7 92.424242424233
8 92.5925925926
9 92.760942760933
10 92.929292929267
11 93.0976430976
12 92.929292929267
13 93.265993265967
14 93.265993265967
15 93.4343434343
16 93.4343434343
17 93.4343434343
18 93.4343434343
19 93.4343434343
20 93.4343434343
21 93.4343434343
22 93.4343434343
23 93.4343434343
24 93.265993265967
25 93.265993265967
26 93.265993265967
27 93.265993265967
28 93.265993265967
29 93.265993265967
30 93.0976430976
31 92.929292929267
32 92.760942760933
33 93.097643097633
34 93.265993265967
35 93.4343434343
36 93.4343434343
37 93.4343434343
38 93.265993265967
39 92.929292929267
40 92.4242424242


1 88.3838383838
2 90.0673400673
3 91.919191919167
4 92.760942760933
5 92.9292929293
6 92.2558922559
7 92.424242424233
8 92.424242424233
9 92.592592592567
10 92.255892255867
11 92.592592592567
12 92.592592592567
13 92.592592592567
14 92.4242424242
15 92.4242424242
16 92.0875420875
17 92.255892255867
18 92.592592592567
19 92.760942760933
20 92.760942760933
21 92.424242424233
22 92.592592592567
23 92.4242424242
24 92.4242424242
25 92.592592592567
26 92.760942760933
27 92.9292929293
28 92.9292929293
29 92.760942760933
30 92.760942760933
31 92.760942760933
32 92.9292929293
33 92.9292929293
34 93.434343434333
35 93.771043771033
36 93.939393939367
37 93.602693602667
38 93.771043771
39 93.939393939367
40 93.9393939394


1 88.3838383838
2 89.730639730633
3 90.404040404033
4 89.898989898967
5 89.898989898967
6 89.898989898967
7 90.235690235667
8 90.235690235667
9 90.067340067333
10 89.898989899
11 89.730639730633
12 89.730639730633
13 89.730639730633
14 89.898989899
15 89.730639730633
16 89.730639730633
17 89.898989898967
18 90.235690235667
19 90.235690235667
20 90.067340067333
21 90.067340067333
22 90.067340067333
23 90.067340067333
24 89.898989899
25 90.2356902357
26 90.404040404033
27 90.572390572367
28 90.7407407407
29 91.0774410774
30 91.0774410774
31 90.7407407407
32 90.404040404
33 90.235690235667
34 90.404040404033
35 90.404040404033
36 90.572390572367
37 90.235690235667
38 90.067340067333
39 90.067340067333
40 90.404040404


1 82.3232323232
2 83.838383838367
3 85.185185185167
4 85.185185185167
5 85.185185185167
6 84.511784511767
7 84.006734006733
8 84.511784511767
9 84.680134680133
10 84.848484848467
11 84.175084175067
12 84.175084175067
13 84.006734006733
14 84.343434343433
15 83.838383838367
16 83.67003367
17 83.164983164967
18 82.996632996633
19 82.996632996633
20 83.164983164967
21 83.501683501667
22 83.501683501667
23 83.501683501667
24 83.3333333333
25 83.3333333333
26 83.3333333333
27 83.501683501667
28 83.333333333333
29 83.164983165
30 83.164983165
31 83.333333333333
32 83.501683501667
33 83.3333333333
34 83.3333333333
35 83.164983164967
36 82.996632996633
37 82.8282828283
38 82.996632996633
39 82.996632996633
40 82.8282828283


1 86.8686868687
2 86.868686868667
3 87.037037037
4 87.3737373737
5 87.3737373737
6 87.3737373737
7 87.3737373737
8 87.3737373737
9 87.3737373737
10 87.3737373737
11 87.3737373737
12 87.3737373737
13 87.3737373737
14 87.3737373737
15 87.3737373737
16 87.3737373737
17 87.3737373737
18 87.3737373737
19 87.3737373737
20 87.3737373737
21 87.3737373737
22 87.3737373737
23 87.3737373737
24 87.3737373737
25 87.3737373737
26 87.3737373737
27 87.3737373737
28 87.3737373737
29 87.3737373737
30 87.205387205367
31 87.205387205367
32 87.205387205367
33 87.3737373737
34 87.3737373737
35 87.3737373737
36 87.3737373737
37 87.3737373737
38 87.3737373737
39 87.3737373737
40 87.3737373737


1 91.9191919192
2 93.434343434333
3 94.612794612767
4 94.7811447811
5 95.1178451178
6 94.7811447811
7 94.949494949467
8 94.444444444433
9 94.444444444433
10 94.276094276067
11 94.4444444444
12 94.276094276067
13 94.444444444433
14 94.444444444433
15 94.612794612767
16 94.276094276067
17 94.107744107733
18 94.107744107733
19 94.107744107733
20 94.276094276067
21 94.276094276067
22 94.4444444444
23 94.276094276067
24 94.107744107733
25 94.107744107733
26 94.107744107733
27 94.107744107733
28 93.9393939394
29 93.9393939394
30 93.9393939394
31 93.9393939394
32 94.107744107733
33 94.276094276067
34 94.276094276067
35 94.107744107733
36 94.107744107733
37 94.107744107733
38 94.276094276067
39 94.107744107733
40 93.9393939394


1 83.3333333333
2 85.0168350168
3 85.6902356902
4 85.858585858567
5 86.195286195267
6 86.700336700333
7 86.531986531967
8 86.363636363633
9 86.026936026933
10 85.8585858586
11 85.8585858586
12 86.026936026933
13 86.195286195267
14 86.531986531967
15 86.868686868667
16 87.205387205367
17 87.205387205367
18 87.037037037033
19 87.037037037033
20 87.037037037033
21 87.037037037033
22 87.037037037033
23 87.205387205367
24 87.3737373737
25 87.3737373737
26 87.3737373737
27 87.037037037
28 87.205387205367
29 87.373737373733
30 87.710437710433
31 87.542087542067
32 87.3737373737
33 87.3737373737
34 87.205387205367
35 87.205387205367
36 87.037037037033
37 86.868686868667
38 86.531986531967
39 86.3636363636
40 86.3636363636


1 87.8787878788
2 89.730639730633
3 90.404040404033
4 90.404040404033
5 90.5723905724
6 90.9090909091
7 90.9090909091
8 90.740740740733
9 90.572390572367
10 90.7407407407
11 90.7407407407
12 90.7407407407
13 90.7407407407
14 90.7407407407
15 90.7407407407
16 90.7407407407
17 90.909090909067
18 90.909090909067
19 90.740740740733
20 90.740740740733
21 90.9090909091
22 90.9090909091
23 90.740740740733
24 90.572390572367
25 90.572390572367
26 90.740740740733
27 90.2356902357
28 89.730639730633
29 89.225589225567
30 89.562289562267
31 89.730639730633
32 89.898989899
33 89.898989899
34 89.898989899
35 89.898989899
36 89.898989899
37 89.898989899
38 89.898989899
39 89.898989899
40 89.898989899


1 44.4444444444
2 57.777777777767
3 65.925925925933
4 65.925925925933
5 67.4074074074
6 68.148148148133
7 71.1111111111
8 70.740740740733
9 71.481481481467
10 72.592592592567
11 71.851851851833
12 71.851851851833
13 70.740740740733
14 72.962962962967
15 72.5925925926
16 73.333333333333
17 72.962962962933
18 72.592592592567
19 71.481481481467
20 70.740740740733
21 71.1111111111
22 72.2222222222
23 72.2222222222
24 72.2222222222
25 72.2222222222
26 72.592592592567
27 71.851851851833
28 71.481481481467
29 70.740740740733
30 71.1111111111
31 71.481481481467
32 71.851851851833
33 71.1111111111
34 70.740740740733
35 70
36 72.222222222233
37 72.5925925926
38 72.5925925926
39 70.740740740733
40 70


1 55.5555555556
2 63.333333333367
3 68.148148148167
4 68.518518518533
5 71.111111111133
6 74.0740740741
7 76.6666666667
8 76.6666666667
9 75.5555555556
10 76.296296296333
11 76.6666666667
12 77.407407407433
13 77.7777777778
14 77.037037037033
15 77.4074074074
16 77.037037037033
17 78.148148148167
18 77.7777777778
19 77.037037037067
20 75.5555555556


1 48.8888888889
2 57.4074074074
3 64.074074074067
4 69.629629629633
5 70.370370370367
6 71.1111111111
7 72.5925925926
8 71.851851851867
9 71.4814814815
10 70
11 70.740740740733
12 71.481481481467
13 71.851851851833
14 72.2222222222
15 72.2222222222
16 71.851851851833
17 72.2222222222
18 72.592592592567
19 72.592592592567
20 71.1111111111


1 44.4444444444
2 54.8148148148
3 62.222222222233
4 66.296296296333
5 67.7777777778
6 68.8888888889
7 70
8 71.1111111111
9 72.2222222222
10 72.962962962933
11 73.3333333333
12 73.703703703667
13 73.703703703667
14 72.592592592567
15 72.2222222222
16 72.962962962933
17 73.703703703667
18 73.3333333333
19 71.851851851833
20 70


1 44.4444444444
2 59.6296296296
3 67.777777777767
4 70.370370370367
5 71.851851851867
6 72.5925925926
7 73.7037037037
8 71.851851851833
9 72.2222222222
10 72.592592592567
11 72.962962962933
12 74.444444444433
13 76.2962962963
14 76.2962962963
15 75.925925925933
16 75.925925925933
17 78.148148148167
18 78.148148148167
19 76.666666666667
20 74.4444444444


1 53.3333333333
2 62.962962962967
3 70.3703703704
4 72.962962962967
5 75.1851851852
6 75.925925925933
7 76.6666666667
8 76.6666666667
9 76.6666666667
10 77.7777777778
11 77.407407407433
12 77.7777777778
13 77.037037037067
14 77.407407407433
15 77.037037037067
16 77.037037037067
17 77.407407407433
18 77.037037037067
19 77.037037037067
20 76.6666666667


1 40
2 52.222222222233
3 61.111111111133
4 61.851851851867
5 62.5925925926
6 62.222222222233
7 64.814814814833
8 65.555555555567
9 64.8148148148
10 63.703703703667
11 64.074074074033
12 63.703703703667
13 62.962962962933
14 61.851851851833
15 61.851851851833
16 62.962962962967
17 63.7037037037
18 62.962962962967
19 61.481481481467
20 61.1111111111


1 41.1111111111
2 56.666666666633
3 67.037037037
4 67.037037037
5 66.666666666633
6 66.666666666633
7 69.259259259233
8 72.962962962933
9 72.2222222222
10 71.851851851833
11 71.1111111111
12 71.851851851833
13 72.2222222222
14 72.592592592567
15 72.592592592567
16 71.1111111111
17 70.740740740733
18 70
19 72.2222222222
20 74.4444444444


1 40
2 53.7037037037
3 62.5925925926
4 67.037037037033
5 68.518518518533
6 70.370370370367
7 71.1111111111
8 72.2222222222
9 71.1111111111
10 69.259259259267
11 69.259259259267
12 69.629629629633
13 72.2222222222
14 72.592592592567
15 73.3333333333
16 70.740740740733
17 71.1111111111
18 70.370370370367
19 71.851851851833
20 71.1111111111


1 48.8888888889
2 55.925925925933
3 61.4814814815
4 64.074074074067
5 65.555555555567
6 65.925925925933
7 66.6666666667
8 67.407407407433
9 68.8888888889
10 70.370370370367
11 71.1111111111
12 69.629629629633
13 69.259259259267
14 69.259259259267
15 70.370370370367
16 70.370370370367
17 69.629629629633
18 69.259259259267
19 68.8888888889
20 68.8888888889


1 33.3333333333
2 41.3105413105
3 49.002849002833
4 52.421652421667
5 53.8461538462
6 53.2763532764
7 55.2706552707
8 58.6894586895
9 61.2535612536
10 62.6780626781
11 61.5384615385
12 61.5384615385
13 61.5384615385
14 62.1082621083
15 61.8233618234
16 61.2535612536
17 61.2535612536
18 61.8233618234
19 62.1082621083
20 61.5384615385


1 40.1709401709
2 47.293447293433
3 53.561253561267
4 57.5498575499
5 60.3988603989
6 62.3931623932
7 63.8176638177
8 64.3874643875
9 64.9572649573
10 66.3817663818
11 66.3817663818
12 66.6666666667
13 66.0968660969
14 66.0968660969
15 65.5270655271
16 66.6666666667
17 66.9515669516
18 68.0911680912
19 68.0911680912
20 68.3760683761


1 40.1709401709
2 47.863247863233
3 54.131054131067
4 57.8347578348
5 57.5498575499
6 57.264957265
7 57.264957265
8 57.5498575499
9 56.6951566952
10 57.5498575499
11 56.9800569801
12 57.5498575499
13 57.264957265
14 58.4045584046
15 57.8347578348
16 57.5498575499
17 57.5498575499
18 58.4045584046
19 58.4045584046
20 58.1196581197


1 34.188034188
2 42.165242165233
3 49.002849002867
4 52.9914529915
5 54.1310541311
6 54.7008547009
7 58.1196581197
8 58.1196581197
9 58.1196581197
10 56.6951566952
11 56.6951566952
12 56.6951566952
13 56.6951566952
14 58.1196581197
15 59.5441595442
16 60.3988603989
17 59.2592592593
18 58.9743589744
19 58.1196581197
20 58.1196581197


1 44.4444444444
2 50.427350427333
3 55.840455840467
4 59.5441595442
5 59.8290598291
6 60.3988603989
7 61.5384615385
8 61.8233618234
9 61.5384615385
10 61.8233618234
11 61.5384615385
12 61.8233618234
13 61.8233618234
14 62.1082621083
15 62.3931623932
16 61.8233618234
17 62.962962963
18 62.1082621083
19 62.3931623932
20 61.5384615385


1 35.0427350427
2 43.0199430199
3 49.857549857533
4 52.706552706567
5 54.415954416
6 53.8461538462
7 55.8404558405
8 57.8347578348
9 59.5441595442
10 60.113960114
11 60.3988603989
12 60.6837606838
13 59.2592592593
14 59.2592592593
15 57.8347578348
16 57.8347578348
17 56.9800569801
18 57.5498575499
19 58.4045584046
20 58.9743589744


1 39.5833333333
2 45.8333333333
3 48.6111111111
4 48.6111111111
5 47.916666666667
6 47.916666666667
7 49.305555555567
8 49.537037037067
9 50.000000000033
10 49.3055555556
11 48.842592592633
12 48.148148148167
13 47.6851851852
14 48.6111111111
15 49.305555555567
16 49.768518518533
17 49.768518518533
18 50.231481481467
19 51.157407407367
20 52.0833333333


1 38.8888888889
2 42.5925925926
3 44.9074074074
4 44.675925925933
5 47.2222222222
6 47.685185185167
7 47.685185185167
8 46.527777777767
9 46.990740740733
10 47.4537037037
11 47.6851851852
12 47.453703703733
13 47.6851851852
14 47.916666666667
15 47.4537037037
16 47.222222222233
17 46.5277777778
18 46.759259259267
19 46.2962962963
20 45.1388888889


1 39.5833333333
2 44.444444444433
3 47.916666666667
4 51.620370370367
5 51.851851851833
6 53.4722222222
7 53.935185185167
8 55.0925925926
9 55.3240740741
10 55.3240740741
11 56.4814814815
12 56.25
13 55.787037037033
14 55.787037037033
15 56.481481481467
16 57.1759259259
17 55.324074074033
18 55.324074074033
19 55.787037037
20 58.3333333333


1 47.2222222222
2 51.620370370367
3 53.9351851852
4 53.240740740767
5 52.7777777778
6 52.083333333333
7 53.7037037037
8 53.7037037037
9 54.398148148167
10 54.629629629633
11 55.0925925926
12 55.0925925926
13 54.629629629633
14 54.166666666667
15 54.398148148133
16 55.0925925926
17 54.861111111133
18 55.787037037067
19 56.4814814815
20 57.6388888889


1 40.9722222222
2 46.990740740733
3 50
4 49.7685185185
5 49.305555555567
6 49.0740740741
7 48.842592592633
8 48.148148148167
9 47.4537037037
10 47.2222222222
11 46.759259259233
12 46.527777777767
13 46.759259259267
14 47.6851851852
15 47.916666666667
16 47.916666666667
17 47.6851851852
18 47.9166666667
19 47.9166666667
20 47.9166666667
21 47.222222222233
22 47.222222222233
23 46.990740740733
24 47.916666666667
25 47.916666666667
26 47.916666666667
27 47.4537037037
28 47.4537037037
29 47.6851851852
30 47.9166666667


1 36.8055555556
2 43.055555555567
3 46.2962962963
4 48.611111111133
5 47.4537037037
6 48.379629629633
7 46.759259259267
8 47.6851851852
9 46.990740740733
10 46.527777777767
11 47.222222222233
12 46.759259259267
13 46.990740740733
14 45.370370370333
15 44.907407407367
16 44.6759259259
17 44.9074074074
18 44.9074074074
19 45.370370370367
20 45.370370370367
21 45.370370370367
22 44.6759259259
23 44.4444444444
24 44.212962962933
25 44.212962962933
26 43.981481481467
27 44.212962962933
28 44.444444444433
29 45.370370370367
30 46.5277777778
